0.9983498349834984,0.0,0.3762376237623762,0.2161716171617161,0.9983498349834984,0.5247524752475248,0.9983498349834984,0.0,0.6518151815181518,0.9818481848184818,0.9983498349834984,0.6963696369636964,0.9983498349834984,0.0,0.9983498349834984,0.429042904290429,0.9983498349834984,1.0,0.8036303630363036,0.2376237623762376,0.0693069306930693,0.9983498349834984,0.9983498349834984,0.6056105610561056,0.9983498349834984,0.0,0.801980198019802,0.9983498349834984,0.7854785478547854,1.0,0.9983498349834984,0.0,0.9488448844884488,0.9983498349834984,0.9983498349834984,0.9983498349834984, 2
0.2887788778877888,0.9983498349834984,0.0,0.1435643564356435,0.9867986798679867,0.9983498349834984,0.9983498349834984,0.9983498349834984,0.0,0.3135313531353135,0.0,1.0,0.9983498349834984,0.9983498349834984,0.0,0.8613861386138614,0.099009900990099,0.9983498349834984,0.9983498349834984,0.9983498349834984,0.4059405940594059,0.0,0.0,0.9983498349834984,0.0,0.9983498349834984,0.0,0.9834983498349836,0.0841584158415841,1.0,0.9983498349834984,0.9983498349834984,0.0,0.9834983498349836,0.0,0.9983498349834984, 2
0.9983498349834984,0.3448844884488449,0.943894389438944,0.0,0.9983498349834984,1.0,0.9983498349834984,0.5,0.8465346534653465,0.0,0.9983498349834984,1.0,0.9983498349834984,0.1089108910891089,0.6006600660066007,0.0,0.9983498349834984,0.9983498349834984,0.9983498349834984,0.0,0.3531353135313531,0.0,0.9983498349834984,0.9983498349834984,0.971947194719472,0.0016501650165016,0.995049504950495,0.9405940594059404,0.9983498349834984,0.9983498349834984,0.9983498349834984,0.2376237623762376,0.3844884488448845,1.0,0.7079207920792079,1.0, 2
0.9983498349834984,0.8366336633663366,0.0,0.0,0.9983498349834984,0.9983498349834984,0.9983498349834984,0.9983498349834984,0.0,0.0,0.9983498349834984,1.0,0.9983498349834984,0.9983498349834984,0.0,0.0,0.9273927392739274,0.5495049504950495,0.9983498349834984,0.0,0.3019801980198019,0.0,1.0,0.9983498349834984,0.7854785478547854,0.9983498349834984,0.0,0.0,0.9983498349834984,0.9983498349834984,0.9983498349834984,0.9983498349834984,0.0,0.0,0.9983498349834984,1.0, 2
0.9983498349834984,0.9983498349834984,0.0,0.0,0.0,0.9983498349834984,0.9983498349834984,0.9983498349834984,0.0,0.8646864686468647,0.4587458745874587,0.9983498349834984,0.9983498349834984,0.9983498349834984,0.0,0.8663366336633663,0.8861386138613861,1.0,0.9983498349834984,0.0,0.0,0.9983498349834984,0.0,0.9983498349834984,0.995049504950495,0.9983498349834984,0.0,0.6204620462046204,0.9983498349834984,1.0,0.9983498349834984,0.9983498349834984,0.0,0.8448844884488449,0.0,1.0, 2
0.0544554455445544,0.0,0.1699669966996699,0.0,0.9983498349834984,1.0,0.9983498349834984,0.0709570957095709,0.0,0.9983498349834984,0.9983498349834984,1.0,0.9983498349834984,0.0,0.6006600660066007,0.8432343234323433,0.9983498349834984,1.0,0.9983498349834984,0.0,0.0,0.9983498349834984,0.9983498349834984,0.4768976897689769,0.9983498349834984,0.0,0.0,0.9983498349834984,0.9983498349834984,1.0,0.9983498349834984,0.0,0.0,0.0,0.900990099009901,1.0, 2
0.9983498349834984,0.9983498349834984,0.0,0.0066006600660066,0.9983498349834984,1.0,0.9983498349834984,0.9983498349834984,0.0,0.5445544554455446,0.1056105610561056,1.0,0.9983498349834984,0.9983498349834984,0.0,0.915841584158416,0.9983498349834984,0.9983498349834984,0.9983498349834984,0.9983498349834984,0.0,0.9966996699669968,0.9983498349834984,1.0,0.9983498349834984,0.9702970297029704,0.0,0.735973597359736,0.9834983498349836,0.9983498349834984,0.9983498349834984,0.9983498349834984,0.0,0.0891089108910891,0.9983498349834984,0.9983498349834984, 2
0.9983498349834984,0.9983498349834984,0.0,0.9306930693069309,0.0,0.9983498349834984,0.9983498349834984,0.9983498349834984,0.0,0.226072607260726,0.0,1.0,0.9983498349834984,0.9983498349834984,0.0,0.1716171617161716,0.6402640264026402,0.9983498349834984,0.9983498349834984,0.9983498349834984,0.0,0.9983498349834984,0.0,0.9455445544554456,0.9983498349834984,0.8745874587458746,0.0,0.0429042904290429,0.0,1.0,0.9983498349834984,0.9983498349834984,0.0,0.6105610561056105,0.0,1.0, 2
0.9983498349834984,0.9983498349834984,0.1155115511551155,0.0,0.9983498349834984,0.9983498349834984,0.9983498349834984,0.9983498349834984,0.400990099009901,0.0,0.9983498349834984,0.759075907590759,0.9983498349834984,0.9983498349834984,0.0,0.0,0.2904290429042904,1.0,0.9983498349834984,0.9884488448844884,0.6105610561056105,0.0,0.9983498349834984,0.9983498349834984,0.9983498349834984,0.9983498349834984,0.0,0.0,0.9983498349834984,0.367986798679868,0.9983498349834984,0.9983498349834984,0.0,0.0,0.9983498349834984,0.9983498349834984, 2
1.0,1.0,0.0016501650165016,0.5528052805280528,0.0264026402640264,0.0016501650165016,1.0,1.0,0.0016501650165016,0.2986798679867987,0.0016501650165016,0.9884488448844884,1.0,1.0,1.0,0.0016501650165016,0.0016501650165016,1.0,1.0,1.0,1.0,0.0016501650165016,0.0016501650165016,0.8415841584158416,1.0,1.0,0.5528052805280528,0.0,0.0016501650165016,1.0,1.0,0.9323432343234324,0.1386138613861386,0.6765676567656765,0.0016501650165016,1.0, 2
0.9983498349834984,0.0,0.0,0.0,0.9983498349834984,0.9983498349834984,0.9983498349834984,0.0,0.0,0.0,0.9983498349834984,1.0,0.9983498349834984,0.0,0.0,0.0,0.3696369636963696,0.9983498349834984,0.6435643564356436,0.1963696369636963,0.4191419141914191,0.0,0.9983498349834984,1.0,0.7376237623762376,0.5099009900990099,0.1303630363036303,0.0,0.9983498349834984,0.1518151815181518,0.9983498349834984,0.0,0.5924092409240924,0.0,0.1122112211221122,0.9983498349834984, 2
0.9983498349834984,0.9224422442244224,0.0,0.0858085808580858,0.9983498349834984,0.9983498349834984,0.0,0.9983498349834984,0.0,0.995049504950495,0.9983498349834984,1.0,0.9983498349834984,0.9983498349834984,0.0,0.8382838283828383,0.9983498349834984,0.9983498349834984,0.9983498349834984,0.0066006600660066,0.0,0.9983498349834984,0.9884488448844884,0.9983498349834984,0.5016501650165016,0.9983498349834984,0.0,0.0,0.9983498349834984,1.0,0.9983498349834984,0.9983498349834984,0.0,0.6584158415841584,0.9983498349834984,0.9983498349834984, 2
0.9983498349834984,0.0,0.4570957095709571,0.9983498349834984,0.9983498349834984,1.0,0.9983498349834984,0.0,0.9983498349834984,0.0,0.9983498349834984,1.0,0.9983498349834984,0.0,0.1831683168316831,0.3547854785478548,0.9983498349834984,1.0,0.9983498349834984,0.193069306930693,1.0,0.0,0.9983498349834984,0.2689768976897689,0.9983498349834984,0.0,0.9983498349834984,0.0577557755775577,0.9983498349834984,1.0,0.9983498349834984,0.0,0.7706270627062707,0.0,0.9983498349834984,0.9983498349834984, 2
0.9983498349834984,0.0,0.99009900990099,0.0,0.9983498349834984,1.0,0.9983498349834984,0.2838283828382838,0.363036303630363,0.0,0.9983498349834984,0.1369636963696369,0.9983498349834984,0.0,0.6023102310231023,0.0,0.6254125412541254,1.0,0.9983498349834984,0.0,0.4273927392739274,0.0,0.9983498349834984,1.0,0.9983498349834984,0.193069306930693,0.9983498349834984,0.0,0.9983498349834984,0.0,0.9983498349834984,0.0,0.1518151815181518,0.0,0.094059405940594,0.9785478547854786, 2
0.9983498349834984,0.9983498349834984,0.0,0.0,0.0,0.0561056105610561,0.9983498349834984,0.9983498349834984,0.0,1.0,0.3118811881188119,1.0,0.9983498349834984,0.9983498349834984,0.0,0.9983498349834984,0.4702970297029702,1.0,0.966996699669967,0.9983498349834984,0.1501650165016501,0.0,0.9983498349834984,0.4554455445544554,0.9966996699669968,0.2145214521452145,0.0,0.0,0.8085808580858086,0.9983498349834984,0.9983498349834984,0.9983498349834984,0.0,0.6435643564356436,0.7557755775577558,1.0, 2
0.9983498349834984,0.9983498349834984,0.0,0.1782178217821782,0.9983498349834984,0.8547854785478548,0.9983498349834984,0.9983498349834984,0.0,0.5561056105610561,0.9488448844884488,0.9983498349834984,0.9983498349834984,0.9983498349834984,0.0,0.0,0.9983498349834984,0.9983498349834984,0.0165016501650165,0.9983498349834984,0.0,0.0181518151815181,0.9983498349834984,0.0148514851485148,0.9983498349834984,0.3910891089108911,0.0,0.0,0.9983498349834984,0.9983498349834984,0.9983498349834984,0.7491749174917491,0.0,0.0,0.9983498349834984,1.0, 2
1.0,0.2495867768595041,1.0,0.0,1.0,1.0,1.0,0.0,0.9404958677685952,0.0,1.0,1.0,1.0,0.0,1.0,0.0,1.0,1.0,1.0,0.0,1.0,0.0,1.0,1.0,1.0,0.0,0.2528925619834711,0.0,0.0198347107438016,1.0,1.0,0.0,0.7057851239669422,0.0,1.0,1.0, 2
0.9983498349834984,0.9983498349834984,0.7854785478547854,0.9983498349834984,0.3778877887788779,0.9983498349834984,0.9983498349834984,0.9983498349834984,0.0082508250825082,0.9983498349834984,0.9983498349834984,0.9983498349834984,0.9983498349834984,0.9983498349834984,0.0,0.9983498349834984,0.9983498349834984,0.2062706270627062,0.9983498349834984,0.0313531353135313,0.0,0.9933993399339934,0.2112211221122112,1.0,0.905940594059406,0.3498349834983498,0.0,0.9488448844884488,0.9983498349834984,0.0,0.9983498349834984,0.9983498349834984,0.0,0.9983498349834984,0.9983498349834984,0.9983498349834984, 2
0.9983498349834984,0.0231023102310231,0.0,0.0,0.9983498349834984,0.0742574257425742,0.9983498349834984,0.915841584158416,0.0,0.0,0.6683168316831684,0.9983498349834984,0.1056105610561056,0.5346534653465347,0.0,0.0,0.9983498349834984,0.9983498349834984,0.1749174917491749,0.9966996699669968,0.0,0.0,0.9983498349834984,1.0,0.9983498349834984,0.2194719471947194,0.0,0.0,0.2722772277227723,0.995049504950495,0.9983498349834984,0.5346534653465347,0.0,0.0,0.9983498349834984,0.9983498349834984, 2
0.9983498349834984,0.3877887788778877,0.0841584158415841,0.9933993399339934,0.9983498349834984,0.9983498349834984,0.9983498349834984,0.9851485148514852,0.0,0.9983498349834984,0.9983498349834984,1.0,0.9983498349834984,0.7722772277227723,0.0,0.9983498349834984,0.9983498349834984,0.9983498349834984,0.9983498349834984,0.0,0.0,0.0,0.9983498349834984,1.0,0.0,0.9983498349834984,0.0,0.3168316831683168,0.9983498349834984,0.641914191419142,0.9983498349834984,0.9983498349834984,0.0,0.0,0.9983498349834984,0.9983498349834984, t
0.9983498349834984,0.2937293729372937,0.6732673267326733,0.9983498349834984,0.9983498349834984,0.9983498349834984,0.1039603960396039,0.2194719471947194,0.0957095709570957,0.9983498349834984,0.9983498349834984,0.9983498349834984,0.9983498349834984,0.4818481848184818,0.0,0.9983498349834984,0.9983498349834984,0.6584158415841584,0.9983498349834984,0.1287128712871287,0.0,0.9983498349834984,0.9983498349834984,0.9983498349834984,0.9983498349834984,0.9224422442244224,0.0,0.9867986798679867,0.9983498349834984,1.0,0.9983498349834984,0.0,0.0,0.9983498349834984,0.9983498349834984,0.9983498349834984, t
0.9983498349834984,0.9983498349834984,0.0,0.0,0.9983498349834984,0.9983498349834984,0.1584158415841584,0.9983498349834984,0.0,0.0,0.8036303630363036,0.4686468646864686,0.9983498349834984,1.0,0.0,0.0511551155115511,0.0,0.9983498349834984,0.9983498349834984,0.9983498349834984,0.0,0.2128712871287128,0.9983498349834984,0.9983498349834984,0.9983498349834984,0.9983498349834984,0.0,0.1534653465346534,0.9983498349834984,0.9983498349834984,0.9983498349834984,0.9983498349834984,0.0,0.0,0.9983498349834984,0.334983498349835, t
1.0,1.0,1.0,1.0,1.0,1.0,0.0,1.0,1.0,1.0,1.0,0.0033057851239669,1.0,0.996694214876033,1.0,1.0,1.0,0.7272727272727273,1.0,0.5768595041322314,0.0,1.0,1.0,1.0,1.0,0.1454545454545454,0.0,1.0,1.0,1.0,1.0,0.5504132231404959,0.3735537190082644,1.0,1.0,0.9537190082644628, t
0.9983498349834984,0.4867986798679868,0.9966996699669968,0.9983498349834984,0.9983498349834984,0.3646864686468646,0.9983498349834984,0.0,0.0,0.9983498349834984,0.1155115511551155,0.9983498349834984,0.6848184818481848,0.0,0.2194719471947194,0.4207920792079208,0.9983498349834984,0.9983498349834984,0.9983498349834984,0.4141914191419142,0.0,0.9983498349834984,0.9983498349834984,1.0,0.9983498349834984,0.2442244224422442,0.0033003300330033,0.9983498349834984,0.9983498349834984,0.9983498349834984,0.9983498349834984,0.4636963696369637,0.4834983498349835,0.9983498349834984,0.9983498349834984,0.9983498349834984, t
1.0,0.0,0.9024793388429752,1.0,1.0,1.0,0.7454545454545455,0.0,0.9983471074380166,0.0,1.0,1.0,1.0,0.0,0.4148760330578512,1.0,1.0,0.0,1.0,0.0,1.0,1.0,1.0,1.0,1.0,0.0049586776859504,1.0,0.4214876033057851,1.0,1.0,1.0,0.1834710743801653,0.6595041322314049,1.0,1.0,1.0, t
1.0,0.9983471074380166,0.7801652892561983,1.0,1.0,1.0,1.0,0.8528925619834711,0.4347107438016528,1.0,1.0,1.0,1.0,0.2049586776859504,0.0,1.0,1.0,1.0,1.0,0.0429752066115702,1.0,0.9801652892561984,1.0,1.0,1.0,0.0,1.0,1.0,1.0,1.0,1.0,0.4132231404958678,0.0793388429752066,1.0,1.0,1.0, t
1.0,1.0,0.0016501650165016,0.8267326732673267,1.0,1.0,0.9273927392739274,1.0,0.0016501650165016,0.7953795379537953,0.9785478547854786,0.9636963696369636,1.0,1.0,0.0016501650165016,0.0016501650165016,1.0,1.0,1.0,1.0,0.2623762376237624,1.0,1.0,0.6336633663366337,1.0,1.0,0.0016501650165016,1.0,0.9702970297029704,1.0,1.0,0.198019801980198,0.0,1.0,1.0,1.0, t
0.9983498349834984,0.9983498349834984,0.0,0.2871287128712871,0.9983498349834984,1.0,0.0,0.3745874587458745,0.0,0.8910891089108911,0.0099009900990099,0.0,0.9983498349834984,0.6518151815181518,0.0,0.2442244224422442,0.3910891089108911,0.9983498349834984,0.9983498349834984,0.0,0.6089108910891089,0.0,0.9983498349834984,0.9983498349834984,0.2161716171617161,0.9983498349834984,0.0,0.9686468646864688,0.9983498349834984,1.0,0.9983498349834984,0.9983498349834984,0.0,0.8762376237623762,0.9983498349834984,0.9983498349834984, t
0.99835255354201,0.99835255354201,0.9357495881383856,0.0016474464579901,0.99835255354201,1.0,0.99835255354201,0.99835255354201,0.0,0.9917627677100496,0.0016474464579901,0.0016474464579901,0.99835255354201,0.99835255354201,0.4942339373970346,0.99835255354201,0.99835255354201,1.0,0.99835255354201,0.6787479406919276,0.2471169686985173,0.9637561779242174,0.99835255354201,1.0,0.99835255354201,0.99835255354201,0.9209225700164744,0.0016474464579901,0.99835255354201,0.99835255354201,0.99835255354201,0.99835255354201,0.4563426688632619,0.99835255354201,0.99835255354201,0.357495881383855, t
0.99835255354201,0.3723228995057661,0.57166392092257,0.99835255354201,0.99835255354201,0.99835255354201,0.8797364085667215,0.7232289950576606,0.0016474464579901,0.0362438220757825,0.99835255354201,1.0,0.99835255354201,0.0016474464579901,0.99835255354201,0.99835255354201,0.0016474464579901,0.0016474464579901,0.99835255354201,0.2322899505766062,0.3064250411861614,0.99835255354201,0.4645799011532125,0.99835255354201,0.99835255354201,0.2339373970345963,0.171334431630972,0.99835255354201,0.99835255354201,1.0,0.99835255354201,0.0,0.99835255354201,0.99835255354201,0.99835255354201,0.99835255354201, t
0.99835255354201,0.3047775947281713,0.99835255354201,0.99835255354201,0.99835255354201,0.99835255354201,0.0,0.0016474464579901,0.99835255354201,0.99835255354201,0.99835255354201,0.99835255354201,0.742998352553542,0.2108731466227347,0.0016474464579901,0.99835255354201,0.99835255354201,1.0,0.99835255354201,0.9950576606260296,0.99835255354201,0.99835255354201,0.99835255354201,0.99835255354201,0.99835255354201,0.0016474464579901,0.99835255354201,0.0708401976935749,0.99835255354201,0.99835255354201,0.99835255354201,0.9093904448105437,0.99835255354201,0.99835255354201,0.99835255354201,0.99835255354201, t
0.9983498349834984,0.9983498349834984,0.0,0.0,0.9983498349834984,1.0,0.9983498349834984,0.0,0.0,0.9884488448844884,0.962046204620462,0.9983498349834984,0.9983498349834984,0.9983498349834984,0.3564356435643564,0.3234323432343234,0.9983498349834984,0.9983498349834984,0.2409240924092409,0.9983498349834984,0.0,0.9983498349834984,0.9983498349834984,0.7161716171617162,0.9983498349834984,0.5396039603960396,0.0,0.061056105610561,0.5247524752475248,0.0,0.9983498349834984,0.9504950495049505,0.1369636963696369,0.7392739273927392,0.9983498349834984,0.9983498349834984, t
0.0016501650165016,0.0016501650165016,1.0,1.0,1.0,1.0,0.6914191419141914,0.0016501650165016,1.0,0.9933993399339934,1.0,1.0,0.9851485148514852,0.4686468646864686,0.2458745874587458,0.9983498349834984,0.4026402640264026,0.5379537953795379,1.0,0.0016501650165016,1.0,0.9983498349834984,0.0132013201320132,1.0,0.4158415841584158,0.0016501650165016,1.0,1.0,1.0,1.0,0.0,0.3976897689768977,0.9983498349834984,1.0,0.9983498349834984,1.0, t
1.0,0.1402640264026402,1.0,1.0,0.9983498349834984,1.0,1.0,0.0181518151815181,0.0016501650165016,0.9983498349834984,1.0,0.0016501650165016,1.0,0.0,0.0016501650165016,0.9983498349834984,1.0,1.0,0.9983498349834984,0.0016501650165016,1.0,0.9983498349834984,0.9983498349834984,1.0,0.0214521452145214,0.1023102310231023,0.0016501650165016,0.9983498349834984,0.9983498349834984,1.0,0.9983498349834984,0.4834983498349835,0.0016501650165016,0.9983498349834984,0.9983498349834984,1.0, t
1.0,0.8314049586776859,0.0,0.9983471074380166,0.9983471074380166,1.0,0.9983471074380166,0.024793388429752,0.996694214876033,1.0,0.9983471074380166,1.0,0.9983471074380166,0.2016528925619834,0.0,0.0,0.9983471074380166,0.168595041322314,0.9983471074380166,0.0,0.1586776859504132,0.9983471074380166,0.9983471074380166,1.0,0.9983471074380166,0.6479338842975206,0.0,0.9983471074380166,0.9983471074380166,1.0,0.9983471074380166,0.993388429752066,0.8495867768595041,1.0,0.9983471074380166,1.0, t
0.9983471074380166,0.9983471074380166,0.7090909090909091,1.0,0.9983471074380166,1.0,0.9983471074380166,1.0,0.1388429752066115,0.7652892561983471,0.9983471074380166,1.0,0.3537190082644628,0.9983471074380166,0.9305785123966942,0.9983471074380166,0.9983471074380166,0.996694214876033,0.9983471074380166,1.0,0.3272727272727272,1.0,0.1735537190082644,1.0,0.9983471074380166,0.0,1.0,0.3355371900826446,1.0,1.0,0.0,0.9983471074380166,0.9884297520661156,0.6925619834710743,0.9983471074380166,1.0, t
0.9983471074380166,0.996694214876033,0.9669421487603306,0.9983471074380166,1.0,0.7768595041322314,0.9983471074380166,0.4099173553719008,0.2297520661157024,0.9983471074380166,0.0,1.0,0.3950413223140496,0.2661157024793388,0.9983471074380166,0.3041322314049586,1.0,1.0,0.9983471074380166,0.1669421487603306,0.0,1.0,0.9983471074380166,0.1305785123966942,0.9983471074380166,0.9355371900826446,0.9834710743801652,0.9983471074380166,0.2512396694214876,1.0,0.9983471074380166,0.0214876033057851,0.6214876033057851,0.8611570247933884,0.9983471074380166,1.0, t
0.9983471074380166,0.1520661157024793,0.9983471074380166,0.9983471074380166,0.9983471074380166,1.0,0.7818181818181819,0.775206611570248,1.0,1.0,0.9983471074380166,0.2727272727272727,0.9983471074380166,0.1239669421487603,0.9983471074380166,0.9983471074380166,0.9983471074380166,1.0,0.9983471074380166,0.0,0.0,0.0,0.6231404958677685,1.0,0.9983471074380166,0.9983471074380166,0.0,0.0,0.9983471074380166,1.0,0.9983471074380166,0.9983471074380166,0.0,1.0,1.0,0.4115702479338843, t
1.0,1.0,0.0,1.0,0.9983471074380166,1.0,1.0,1.0,0.0,1.0,0.4876033057851239,0.859504132231405,1.0,0.0,0.0,0.5140495867768595,0.0,1.0,0.0082644628099173,1.0,0.1553719008264462,1.0,1.0,1.0,1.0,1.0,0.0,1.0,1.0,1.0,1.0,1.0,0.0,1.0,1.0,1.0, t
1.0,0.8547854785478548,1.0,0.9983498349834984,1.0,1.0,1.0,0.7805280528052805,1.0,0.0016501650165016,0.0016501650165016,1.0,1.0,0.9983498349834984,1.0,0.0,1.0,1.0,1.0,1.0,0.0066006600660066,1.0,1.0,1.0,0.9983498349834984,0.0165016501650165,1.0,1.0,1.0,1.0,1.0,0.83003300330033,1.0,0.292079207920792,0.9983498349834984,1.0, t
0.9983471074380166,0.0,0.9900826446280993,0.9983471074380166,0.9983471074380166,1.0,0.9983471074380166,0.0,0.9983471074380166,0.2595041322314049,0.9983471074380166,1.0,0.8396694214876033,0.0,0.5173553719008265,0.9983471074380166,0.9983471074380166,0.0099173553719008,0.9983471074380166,0.0,0.6198347107438017,1.0,0.9983471074380166,0.6661157024793388,1.0,0.4776859504132231,0.9983471074380166,1.0,0.9983471074380166,1.0,0.0,0.5785123966942148,0.9983471074380166,1.0,0.9983471074380166,1.0, t
1.0,0.9983471074380166,0.0,1.0,1.0,1.0,0.915702479338843,0.7074380165289256,0.2694214876033058,0.024793388429752,1.0,0.1504132231404958,0.9603305785123968,1.0,0.0,1.0,0.9983471074380166,1.0,1.0,1.0,0.0,1.0,0.0479338842975206,0.2661157024793388,1.0,0.9983471074380166,0.0,0.9983471074380166,1.0,1.0,0.9983471074380166,1.0,0.3537190082644628,0.7983471074380165,0.9983471074380166,1.0, t
0.9983498349834984,0.9966996699669968,0.2953795379537954,0.9983498349834984,0.9983498349834984,1.0,0.9983498349834984,0.9983498349834984,0.0,0.9983498349834984,0.9983498349834984,1.0,0.9983498349834984,0.2062706270627062,0.0,0.6914191419141914,0.4521452145214521,1.0,0.9983498349834984,0.9983498349834984,0.061056105610561,0.0,0.9983498349834984,1.0,0.9983498349834984,0.9983498349834984,0.094059405940594,0.2409240924092409,0.9983498349834984,1.0,0.9983498349834984,0.9983498349834984,0.1386138613861386,0.9966996699669968,0.9983498349834984,1.0, t
0.9983498349834984,0.9966996699669968,0.2953795379537954,0.9983498349834984,0.9983498349834984,1.0,0.9983498349834984,0.9983498349834984,0.0,0.9983498349834984,0.9983498349834984,1.0,0.9983498349834984,0.2062706270627062,0.0,0.6914191419141914,0.4521452145214521,1.0,0.9983498349834984,0.9983498349834984,0.061056105610561,0.0,0.9983498349834984,1.0,0.9983498349834984,0.9983498349834984,0.094059405940594,0.2409240924092409,0.9983498349834984,1.0,0.9983498349834984,0.9983498349834984,0.1386138613861386,0.9966996699669968,0.9983498349834984,1.0, t
0.5577557755775577,1.0,1.0,0.9983498349834984,0.9983498349834984,0.8267326732673267,0.4719471947194719,0.1435643564356435,0.9983498349834984,0.9983498349834984,0.9983498349834984,1.0,0.698019801980198,0.9983498349834984,0.9983498349834984,0.9983498349834984,0.9983498349834984,1.0,1.0,0.0,0.599009900990099,0.9983498349834984,0.9983498349834984,1.0,0.9983498349834984,0.0033003300330033,0.9983498349834984,0.9983498349834984,1.0,1.0,0.966996699669967,0.9983498349834984,0.9983498349834984,0.6600660066006601,0.9983498349834984,1.0, t
0.9983498349834984,0.9042904290429042,0.9983498349834984,0.9983498349834984,0.9983498349834984,1.0,0.8448844884488449,0.4059405940594059,0.9983498349834984,0.9983498349834984,0.9983498349834984,1.0,0.995049504950495,0.9983498349834984,0.0,0.9983498349834984,0.2706270627062706,0.4405940594059406,0.5808580858085809,0.2326732673267326,0.9983498349834984,0.9983498349834984,0.4422442244224422,1.0,0.8564356435643564,0.9983498349834984,0.9983498349834984,0.9372937293729372,0.9983498349834984,1.0,0.0,0.9983498349834984,0.9983498349834984,0.9983498349834984,0.9983498349834984,1.0, t
0.9983498349834984,0.9983498349834984,0.9983498349834984,0.0,0.9983498349834984,0.6848184818481848,0.9983498349834984,0.1947194719471947,0.523102310231023,0.0,0.9983498349834984,1.0,0.0,0.9983498349834984,0.2326732673267326,0.0445544554455445,0.9983498349834984,0.0297029702970297,0.9983498349834984,0.9983498349834984,0.9983498349834984,0.3927392739273927,0.9983498349834984,0.0016501650165016,0.9983498349834984,0.0,0.1303630363036303,0.4174917491749175,0.1468646864686468,1.0,0.9983498349834984,0.9983498349834984,0.5247524752475248,0.9504950495049505,0.9983498349834984,1.0, t
0.99835255354201,0.4678747940691927,0.0016474464579901,0.99835255354201,0.99835255354201,0.9950576606260296,0.99835255354201,0.4892915980230642,0.0016474464579901,0.99835255354201,1.0,1.0,0.99835255354201,0.7380560131795717,0.1515650741350906,0.2125205930807248,0.99835255354201,1.0,0.7907742998352554,0.9934102141680397,0.0065897858319604,0.99835255354201,0.99835255354201,1.0,0.99835255354201,0.9967051070840196,0.0,0.99835255354201,0.9044481054365732,1.0,0.99835255354201,0.0197693574958813,0.728171334431631,0.0658978583196046,0.99835255354201,1.0, t
0.9983498349834984,0.6831683168316832,0.0,0.9983498349834984,0.9983498349834984,1.0,0.9983498349834984,0.3877887788778877,0.0,0.9983498349834984,0.0082508250825082,1.0,0.9983498349834984,0.0,0.0,0.9983498349834984,0.9983498349834984,1.0,0.5726072607260726,0.396039603960396,0.0,0.0,0.9983498349834984,1.0,0.9983498349834984,0.9983498349834984,0.0,0.9983498349834984,0.9983498349834984,1.0,0.9983498349834984,0.9983498349834984,0.0,0.9983498349834984,0.9983498349834984,1.0, t
0.0049504950495049,0.0,0.9983498349834984,0.9983498349834984,0.9983498349834984,1.0,0.9983498349834984,0.5577557755775577,0.4851485148514851,0.9983498349834984,0.9983498349834984,0.99009900990099,0.0231023102310231,0.9867986798679867,0.9983498349834984,0.9983498349834984,0.1023102310231023,0.9983498349834984,0.0,0.4125412541254125,0.9983498349834984,0.9983498349834984,0.9983498349834984,0.9983498349834984,0.0,0.2788778877887788,0.9983498349834984,0.9983498349834984,0.9983498349834984,0.6996699669966997,0.6056105610561056,0.6518151815181518,0.9983498349834984,0.9983498349834984,0.9983498349834984,1.0, t
0.9983471074380166,0.8016528925619835,0.0,1.0,0.9983471074380166,1.0,1.0,1.0,0.6099173553719008,1.0,0.6628099173553719,1.0,0.9983471074380166,0.9818181818181818,0.2148760330578512,0.8264462809917356,1.0,1.0,0.7206611570247934,1.0,0.3619834710743801,1.0,0.9983471074380166,0.1388429752066115,0.9983471074380166,0.0033057851239669,0.0,1.0,0.4082644628099173,0.8628099173553719,1.0,0.3421487603305785,0.0,1.0,1.0,1.0, t
0.9983498349834984,0.9983498349834984,0.5247524752475248,0.3993399339933993,0.9983498349834984,1.0,0.9983498349834984,0.9983498349834984,0.9834983498349836,0.8696369636963697,0.9983498349834984,0.9983498349834984,0.9983498349834984,0.9983498349834984,0.0,0.9983498349834984,0.8498349834983498,0.0,0.9983498349834984,0.0,0.0363036303630363,0.9851485148514852,0.9554455445544554,0.9983498349834984,0.9983498349834984,0.8547854785478548,0.9735973597359736,0.0,0.9983498349834984,0.9983498349834984,0.9983498349834984,0.9983498349834984,0.0,0.1518151815181518,0.9983498349834984,0.2739273927392739, t
0.9983498349834984,0.9983498349834984,0.0,0.9983498349834984,0.9983498349834984,0.9983498349834984,0.9983498349834984,0.740924092409241,0.0132013201320132,0.9983498349834984,0.9983498349834984,1.0,0.9983498349834984,0.9983498349834984,0.0,0.9983498349834984,0.9983498349834984,1.0,0.9983498349834984,0.226072607260726,0.0,0.9983498349834984,0.1732673267326732,0.9983498349834984,0.9983498349834984,0.8432343234323433,0.3531353135313531,0.3663366336633663,0.9983498349834984,0.9983498349834984,0.9983498349834984,0.9983498349834984,0.0,0.9983498349834984,0.9983498349834984,1.0, t
0.9983498349834984,0.0049504950495049,0.4257425742574257,0.9554455445544554,0.9983498349834984,1.0,0.9983498349834984,0.9983498349834984,0.7326732673267327,0.9983498349834984,0.9983498349834984,1.0,0.9983498349834984,0.9966996699669968,0.1782178217821782,0.9983498349834984,0.9983498349834984,0.9983498349834984,0.9983498349834984,0.9389438943894388,0.0,0.6386138613861386,0.9983498349834984,0.9983498349834984,0.9983498349834984,0.9983498349834984,0.995049504950495,0.4455445544554455,0.9983498349834984,0.5874587458745875,0.9983498349834984,0.9983498349834984,0.9801980198019802,0.9983498349834984,0.9966996699669968,0.9752475247524752, t
0.9983498349834984,0.9933993399339934,0.0313531353135313,0.9983498349834984,0.9983498349834984,0.9983498349834984,0.0,0.9983498349834984,0.9983498349834984,0.2062706270627062,0.9983498349834984,0.0132013201320132,0.9983498349834984,0.9983498349834984,0.5198019801980198,0.9983498349834984,0.8036303630363036,0.6617161716171617,0.9983498349834984,0.0,0.462046204620462,0.9983498349834984,0.9983498349834984,1.0,0.0,0.9983498349834984,0.1749174917491749,0.0,0.9983498349834984,0.5264026402640264,0.9983498349834984,0.9983498349834984,0.5676567656765676,0.1155115511551155,0.9983498349834984,1.0, t
0.9983471074380166,0.6181818181818182,0.5421487603305785,1.0,0.9983471074380166,1.0,1.0,0.0,0.4826446280991736,1.0,1.0,1.0,1.0,0.2,0.0,1.0,0.6710743801652893,1.0,0.3537190082644628,0.7074380165289256,0.1933884297520661,0.6512396694214876,1.0,1.0,1.0,1.0,1.0,1.0,1.0,1.0,1.0,0.9619834710743802,0.768595041322314,1.0,1.0,1.0, t
0.9983471074380166,0.0,0.0,0.9983471074380166,0.9983471074380166,0.9983471074380166,0.9983471074380166,0.0,0.2909090909090909,0.9983471074380166,0.9983471074380166,1.0,0.0,0.7504132231404959,0.1867768595041322,0.968595041322314,0.9983471074380166,0.8132231404958677,0.9983471074380166,0.5702479338842975,0.0,0.9983471074380166,0.9983471074380166,0.9983471074380166,0.9983471074380166,0.5669421487603306,0.0,0.9983471074380166,0.9983471074380166,0.9983471074380166,0.9983471074380166,0.9983471074380166,0.0,0.9983471074380166,0.9983471074380166,0.9983471074380166, t
0.9983443708609272,0.0,0.9635761589403974,0.9983443708609272,0.9983443708609272,1.0,0.9983443708609272,0.0,0.4850993377483443,1.0,0.7897350993377483,1.0,0.9983443708609272,0.4056291390728477,0.847682119205298,0.98841059602649,0.9983443708609272,0.9039735099337748,0.9983443708609272,0.2533112582781457,0.0,0.9983443708609272,1.0,0.1920529801324503,1.0,0.0,0.9983443708609272,0.9983443708609272,0.9983443708609272,1.0,0.9983443708609272,0.2235099337748344,0.9983443708609272,0.6986754966887417,1.0,1.0, t
0.9983443708609272,0.0,0.9983443708609272,0.9983443708609272,0.9983443708609272,1.0,0.7168874172185431,0.9983443708609272,0.9983443708609272,0.9983443708609272,0.9983443708609272,1.0,0.0,0.9983443708609272,0.8311258278145696,0.9983443708609272,1.0,1.0,0.9983443708609272,0.7235099337748344,0.9983443708609272,0.9983443708609272,0.0,1.0,0.0,0.2582781456953642,0.0711920529801324,0.0,0.8096026490066225,0.2119205298013245,0.9983443708609272,0.9983443708609272,0.3344370860927152,1.0,0.9983443708609272,0.6622516556291391, c
0.1009933774834437,0.9983443708609272,0.8973509933774835,0.0,0.9983443708609272,1.0,0.2301324503311258,0.9983443708609272,1.0,0.9983443708609272,0.9983443708609272,1.0,0.9983443708609272,0.0447019867549668,0.0,0.9983443708609272,0.0,1.0,0.9983443708609272,0.9983443708609272,0.9983443708609272,0.0,0.9983443708609272,1.0,0.0,0.9039735099337748,0.0,0.0016556291390728,0.0033112582781456,0.0,0.9983443708609272,0.9983443708609272,0.2483443708609271,0.9983443708609272,0.9983443708609272,0.1175496688741721, c
0.9966887417218544,0.9983443708609272,0.0,0.9966887417218544,1.0,1.0,0.9983443708609272,0.9983443708609272,1.0,0.9983443708609272,0.7831125827814569,0.3096026490066225,0.9983443708609272,0.2615894039735099,0.0,0.9983443708609272,0.9983443708609272,1.0,1.0,0.9983443708609272,0.3592715231788079,0.0,0.9983443708609272,1.0,0.4552980132450331,0.4354304635761589,0.9817880794701986,0.0778145695364238,0.1870860927152318,0.2350993377483443,0.9983443708609272,0.6986754966887417,0.9321192052980132,0.9983443708609272,0.0811258278145695,1.0, c
0.9983443708609272,0.9983443708609272,0.9983443708609272,0.2533112582781457,0.9983443708609272,1.0,0.9983443708609272,0.9983443708609272,0.1556291390728476,0.0,1.0,1.0,0.0314569536423841,0.9983443708609272,0.0,0.0,0.9983443708609272,1.0,0.9983443708609272,0.9983443708609272,0.4983443708609271,0.2764900662251656,0.9983443708609272,1.0,0.3079470198675497,0.0,0.0066225165562913,0.5513245033112583,0.0,0.0,0.9983443708609272,0.9983443708609272,0.9983443708609272,0.0877483443708609,0.9983443708609272,1.0, c
0.9983443708609272,0.9983443708609272,0.7963576158940397,0.9983443708609272,0.9983443708609272,1.0,0.9983443708609272,0.3675496688741722,0.97682119205298,0.2963576158940397,0.9983443708609272,1.0,0.9552980132450332,0.9983443708609272,0.0,0.3427152317880794,0.9983443708609272,1.0,0.9983443708609272,0.9983443708609272,0.0033112582781456,0.9983443708609272,0.0016556291390728,1.0,0.0,0.0,0.1076158940397351,0.0,0.0,0.7218543046357616,0.9370860927152318,0.9983443708609272,0.9105960264900662,0.6688741721854304,0.9983443708609272,1.0, c
0.0016556291390728,0.9983443708609272,0.9983443708609272,0.9983443708609272,0.9983443708609272,1.0,0.9983443708609272,0.9950331125827816,0.9983443708609272,0.9983443708609272,0.9983443708609272,1.0,0.9950331125827816,0.9983443708609272,0.9983443708609272,0.7880794701986755,0.9983443708609272,1.0,0.0,0.0,0.0794701986754966,0.9983443708609272,0.9983443708609272,0.1324503311258278,0.9983443708609272,0.0,0.9983443708609272,1.0,0.1142384105960264,1.0,0.9983443708609272,0.9983443708609272,0.9983443708609272,0.9983443708609272,0.9983443708609272,1.0, c
0.9983443708609272,0.2864238410596026,0.7731788079470199,0.9983443708609272,0.9983443708609272,1.0,0.7400662251655629,0.9983443708609272,0.8857615894039735,0.9983443708609272,0.9983443708609272,1.0,0.9983443708609272,0.9983443708609272,0.0596026490066225,0.9983443708609272,0.4900662251655629,1.0,0.9983443708609272,0.5993377483443708,0.0,0.9983443708609272,1.0,1.0,0.5695364238410596,0.1605960264900662,0.4337748344370861,0.445364238410596,1.0,0.98841059602649,0.9983443708609272,0.9983443708609272,0.968543046357616,0.9983443708609272,0.9983443708609272,1.0, c
0.9983443708609272,1.0,0.0,0.9983443708609272,0.9983443708609272,1.0,0.9983443708609272,0.9983443708609272,0.6225165562913907,0.9983443708609272,0.9983443708609272,1.0,0.9983443708609272,0.9983443708609272,0.0,0.9983443708609272,0.9983443708609272,0.0132450331125827,0.9983443708609272,0.9983443708609272,0.0,0.423841059602649,0.98841059602649,1.0,0.6539735099337748,0.0,0.4205298013245033,0.0,0.640728476821192,0.1341059602649006,0.6390728476821192,0.9983443708609272,0.97682119205298,0.9983443708609272,0.9983443708609272,1.0, c
0.9983443708609272,0.2334437086092715,0.0,0.9983443708609272,0.9983443708609272,1.0,0.9983443708609272,0.6556291390728477,0.0380794701986755,0.9983443708609272,0.9983443708609272,1.0,0.5629139072847682,0.9983443708609272,0.0,0.9983443708609272,0.9983443708609272,0.5132450331125827,0.9983443708609272,0.9983443708609272,0.0,0.9983443708609272,0.9983443708609272,1.0,0.5298013245033113,0.9966887417218544,0.0,0.4271523178807947,0.9983443708609272,1.0,0.7831125827814569,0.9983443708609272,0.0,0.9933774834437086,0.9983443708609272,1.0, c
0.9983443708609272,0.9966887417218544,0.554635761589404,1.0,0.9983443708609272,1.0,0.9983443708609272,0.9983443708609272,0.9834437086092715,1.0,0.9983443708609272,0.2069536423841059,0.9983443708609272,0.9983443708609272,0.9867549668874172,0.9983443708609272,0.9503311258278144,1.0,0.9983443708609272,0.0016556291390728,0.9983443708609272,0.9983443708609272,0.9983443708609272,1.0,0.7947019867549668,0.5844370860927153,0.0,0.0,0.5827814569536424,0.0,0.9983443708609272,0.9983443708609272,0.3774834437086092,0.9983443708609272,0.9983443708609272,1.0, c
0.5894039735099338,0.2400662251655629,0.9950331125827816,0.9983443708609272,0.9983443708609272,1.0,0.5397350993377483,1.0,0.9966887417218544,1.0,0.9983443708609272,1.0,0.304635761589404,0.8675496688741722,0.9983443708609272,0.0,0.9983443708609272,1.0,0.6589403973509934,0.9867549668874172,0.9983443708609272,0.9983443708609272,1.0,1.0,0.7847682119205298,0.5364238410596026,0.3427152317880794,0.8923841059602649,0.0049668874172185,0.6258278145695364,0.5844370860927153,0.0115894039735099,0.0,0.1771523178807947,0.9983443708609272,1.0, c
0.4966996699669967,0.9983498349834984,0.3283828382838283,0.9983498349834984,0.9983498349834984,0.9983498349834984,0.9983498349834984,0.9570957095709572,0.5181518151815182,0.9983498349834984,0.2673267326732673,0.7838283828382838,0.9983498349834984,0.9983498349834984,0.3976897689768977,0.9983498349834984,0.9983498349834984,1.0,0.995049504950495,0.9983498349834984,0.1914191419141914,0.9966996699669968,0.9983498349834984,0.0148514851485148,0.0,0.1056105610561056,0.0,0.0,0.1947194719471947,0.0,0.9983498349834984,0.9983498349834984,0.9389438943894388,0.9983498349834984,0.9983498349834984,1.0, c
0.9899665551839464,0.991638795986622,0.0334448160535117,0.9933110367892976,0.9949832775919732,0.9966555183946488,0.9966555183946488,0.9983277591973244,0.8528428093645485,0.0,0.9983277591973244,0.9983277591973244,0.9983277591973244,0.9983277591973244,0.2759197324414715,0.9983277591973244,0.9983277591973244,0.9531772575250836,0.9966555183946488,0.9966555183946488,0.3561872909698996,1.0,1.0,1.0,0.9247491638795988,0.3762541806020067,0.7441471571906354,0.919732441471572,1.0,0.2307692307692307,0.2190635451505016,1.0,0.0,0.9983277591973244,0.9983277591973244,1.0, c
0.9983333333333332,0.9983333333333332,0.35,0.9983333333333332,0.9983333333333332,1.0,0.9983333333333332,0.7883333333333333,0.2633333333333333,0.9983333333333332,0.9983333333333332,0.9983333333333332,0.0,0.9983333333333332,0.66,0.3883333333333333,0.9983333333333332,1.0,0.9983333333333332,0.9983333333333332,0.9983333333333332,0.9983333333333332,0.9983333333333332,0.9983333333333332,0.0,0.9983333333333332,0.98,0.9983333333333332,0.2033333333333333,0.9983333333333332,0.9983333333333332,0.0016666666666666,0.9983333333333332,1.0,0.9983333333333332,0.9983333333333332, c
1.0,0.4290484140233723,0.0,1.0,1.0,1.0,0.998330550918197,0.998330550918197,0.0,0.998330550918197,0.998330550918197,1.0,0.998330550918197,0.3606010016694491,0.003338898163606,0.998330550918197,0.998330550918197,1.0,0.9616026711185308,0.998330550918197,0.0,0.998330550918197,0.998330550918197,1.0,0.0,0.2654424040066778,0.0,0.8714524207011686,0.1552587646076794,0.0,1.0,0.031719532554257,0.0,1.0,0.0,1.0, c
0.9983333333333332,0.9983333333333332,1.0,0.9983333333333332,0.9983333333333332,0.9983333333333332,0.9983333333333332,0.9983333333333332,0.9983333333333332,0.0,0.9983333333333332,0.9983333333333332,0.9983333333333332,0.9983333333333332,0.0033333333333333,0.9983333333333332,0.9983333333333332,0.9983333333333332,0.9983333333333332,0.1033333333333333,0.1583333333333333,0.9983333333333332,0.0016666666666666,0.9983333333333332,0.98,0.9983333333333332,0.9983333333333332,0.19,0.9983333333333332,1.0,0.25,0.9983333333333332,0.365,0.9983333333333332,0.9983333333333332,1.0, c
0.9983388704318936,1.0,1.0,1.0,0.9983388704318936,1.0,0.5897009966777409,1.0,0.3471760797342192,0.9800664451827242,1.0,1.0,1.0,1.0,1.0,1.0,0.9983388704318936,1.0,1.0,0.0,0.6960132890365448,0.9983388704318936,1.0,1.0,0.9966777408637874,0.8903654485049833,0.0,0.2292358803986711,0.2624584717607973,0.0049833887043189,0.0448504983388704,1.0,0.4418604651162791,0.9983388704318936,0.9983388704318936,0.2674418604651162, c
0.9966722129783694,0.9983361064891848,0.0,0.9966722129783694,0.9966722129783694,1.0,0.9983361064891848,0.9983361064891848,0.0,1.0,0.2895174708818636,0.9983361064891848,0.9983361064891848,0.8402662229617305,0.848585690515807,0.2229617304492512,1.0,1.0,0.9417637271214644,0.9983361064891848,0.2445923460898502,0.3111480865224625,1.0,1.0,0.9284525790349416,0.4825291181364393,0.0,0.2196339434276206,0.0,0.3993344425956738,0.9983361064891848,0.0,0.0,0.9983361064891848,0.9983361064891848,0.9983361064891848, c
0.9966832504145936,0.9983416252072967,0.0,0.9966832504145936,0.9966832504145936,0.9983416252072967,1.0,0.9983416252072967,0.0,0.9966832504145936,0.9966832504145936,0.9983416252072967,0.9983416252072967,0.5754560530679934,0.2470978441127695,0.9966832504145936,0.6285240464344942,0.976782752902156,0.9966832504145936,0.5439469320066335,0.5439469320066335,0.9966832504145936,0.6832504145936982,0.9983416252072967,0.1674958540630182,0.7213930348258707,0.2951907131011608,0.0,0.8988391376451078,0.0,0.9966832504145936,0.572139303482587,0.0,0.9966832504145936,0.9966832504145936,0.9983416252072967, c
0.9983333333333332,0.9983333333333332,1.0,1.0,0.9983333333333332,1.0,0.9983333333333332,0.9983333333333332,0.9983333333333332,0.9983333333333332,0.9983333333333332,1.0,0.3816666666666666,0.56,0.9983333333333332,0.9483333333333334,0.6433333333333333,1.0,0.0083333333333333,0.9983333333333332,0.9983333333333332,0.8366666666666667,0.9983333333333332,0.0316666666666666,0.1583333333333333,0.51,0.0,0.3583333333333333,0.0,0.0,0.9983333333333332,0.9983333333333332,0.9983333333333332,0.9983333333333332,0.7366666666666667,1.0, c
0.1960132890365448,0.5116279069767442,0.4435215946843854,1.0,0.9983388704318936,0.9983388704318936,0.9983388704318936,0.2242524916943521,0.7026578073089701,0.9983388704318936,0.9983388704318936,0.7159468438538206,0.9983388704318936,0.9983388704318936,0.7225913621262459,0.9983388704318936,0.654485049833887,0.9983388704318936,0.9983388704318936,0.9950166112956812,0.4750830564784053,0.5382059800664452,0.9983388704318936,0.9983388704318936,0.0913621262458471,0.3089700996677741,0.0,0.0,0.0315614617940199,0.0,0.9983388704318936,0.4302325581395348,0.4019933554817276,0.9983388704318936,0.9900332225913622,0.9983388704318936, c
0.9983471074380166,0.0743801652892562,0.7272727272727273,0.9983471074380166,0.9983471074380166,1.0,0.7818181818181819,0.9983471074380166,0.9983471074380166,0.9983471074380166,0.9983471074380166,1.0,1.0,0.9983471074380166,0.0,0.571900826446281,1.0,0.9041322314049588,0.9983471074380166,0.9983471074380166,0.9983471074380166,0.0264462809917355,0.9983471074380166,1.0,0.0,0.0,0.9669421487603306,0.0,0.0,0.3338842975206612,0.9834710743801652,0.9983471074380166,0.7206611570247934,0.8859504132231405,0.9983471074380166,0.5355371900826447, c
0.9983471074380166,0.6330578512396694,0.9983471074380166,0.9983471074380166,0.9983471074380166,1.0,1.0,0.9983471074380166,0.3355371900826446,0.0644628099173553,1.0,1.0,0.9983471074380166,0.9983471074380166,0.5305785123966942,0.5553719008264463,0.9983471074380166,0.0,0.9983471074380166,0.4396694214876033,0.1223140495867768,0.9983471074380166,1.0,1.0,0.0396694214876033,0.0115702479338842,0.0,0.0,0.2016528925619834,0.3371900826446281,1.0,0.3421487603305785,0.1504132231404958,0.9867768595041322,1.0,1.0, c
1.0,1.0,1.0,1.0,1.0,0.5338842975206611,1.0,0.0,1.0,0.0,1.0,1.0,0.0,0.0,0.3669421487603306,0.0,0.0,0.0,0.4826446280991736,1.0,0.515702479338843,0.1619834710743801,1.0,1.0,0.0,0.856198347107438,0.0,0.1173553719008264,0.2297520661157024,0.0,1.0,1.0,0.2760330578512396,0.9983471074380166,1.0,1.0, c
0.9983498349834984,0.9983498349834984,0.0,0.9983498349834984,0.9983498349834984,1.0,0.9983498349834984,0.9933993399339934,0.99009900990099,0.9983498349834984,0.9933993399339934,0.858085808580858,0.0,0.0,0.806930693069307,0.0,0.0,0.4768976897689769,0.9917491749174916,0.9983498349834984,0.0,0.9983498349834984,0.9983498349834984,0.3795379537953795,0.4191419141914191,0.1699669966996699,0.1105610561056105,0.3448844884488449,0.9983498349834984,0.995049504950495,0.9983498349834984,0.9983498349834984,0.0,0.9983498349834984,0.9983498349834984,0.9983498349834984, c
0.9983498349834984,0.9983498349834984,0.0,0.9983498349834984,0.9983498349834984,1.0,0.9983498349834984,0.9917491749174916,0.1138613861386138,0.2755775577557756,0.9983498349834984,1.0,0.4785478547854785,0.4768976897689769,0.0,0.0,0.4900990099009901,0.061056105610561,0.33003300330033,0.9983498349834984,0.1501650165016501,0.028052805280528,0.3250825082508251,0.5264026402640264,0.0,0.0,0.3927392739273927,0.0808580858085808,0.0,0.226072607260726,0.9983498349834984,0.9983498349834984,1.0,0.7953795379537953,0.9983498349834984,1.0, c
0.9983498349834984,0.9983498349834984,0.9983498349834984,0.8135313531353136,0.9983498349834984,1.0,0.9983498349834984,0.9983498349834984,0.0,0.0874587458745874,0.9983498349834984,0.8135313531353136,0.9983498349834984,0.0,0.0,0.9983498349834984,0.9983498349834984,1.0,1.0,0.7178217821782178,0.9983498349834984,1.0,0.9983498349834984,1.0,0.0,0.3201320132013201,0.033003300330033,0.0,0.0,0.0,0.9983498349834984,0.9983498349834984,0.5973597359735974,0.7376237623762376,0.9983498349834984,1.0, c
0.9983416252072967,0.9983416252072967,0.0,0.8988391376451078,0.9983416252072967,0.9933665008291874,0.9983416252072967,0.724709784411277,0.9800995024875622,0.9983416252072967,1.0,1.0,1.0,0.1708126036484245,0.4975124378109453,0.3167495854063018,1.0,1.0,0.527363184079602,1.0,0.8009950248756219,0.5804311774461028,1.0,0.548922056384743,1.0,0.693200663349917,0.0199004975124378,0.3184079601990049,0.0,0.913764510779436,1.0,0.2703150912106136,1.0,0.0,1.0,1.0, c
0.9983443708609272,1.0,1.0,0.7682119205298014,0.9983443708609272,0.4619205298013245,0.9983443708609272,0.9983443708609272,0.6241721854304636,0.0049668874172185,0.0,1.0,0.0,0.9983443708609272,0.4735099337748344,0.1274834437086092,0.9983443708609272,1.0,0.9983443708609272,0.9983443708609272,0.9983443708609272,0.0,0.9983443708609272,1.0,0.0,0.0,0.6175496688741722,0.326158940397351,0.0,0.0,0.9983443708609272,0.890728476821192,0.0033112582781456,0.7913907284768212,0.9983443708609272,1.0, c
0.9983443708609272,0.9983443708609272,0.9983443708609272,0.5347682119205298,0.9983443708609272,1.0,0.9983443708609272,0.8824503311258278,0.2980132450331126,1.0,0.9983443708609272,1.0,0.6622516556291391,1.0,0.9983443708609272,1.0,0.9983443708609272,1.0,0.6539735099337748,0.9983443708609272,0.9983443708609272,0.9983443708609272,0.9983443708609272,0.0,0.0,0.0,0.0,0.6837748344370861,0.0,0.0,0.9983443708609272,0.7798013245033113,0.3294701986754967,0.6009933774834437,0.3062913907284768,1.0, c
0.9983443708609272,1.0,0.0016556291390728,1.0,0.9983443708609272,1.0,1.0,1.0,0.6076158940397351,0.9221854304635762,0.9983443708609272,1.0,0.9867549668874172,1.0,0.3526490066225166,0.9983443708609272,0.9983443708609272,0.6390728476821192,0.9983443708609272,0.9983443708609272,0.0,0.9983443708609272,0.9983443708609272,0.9983443708609272,0.7152317880794702,0.0,0.3741721854304636,0.0248344370860927,0.0033112582781456,0.0,0.9950331125827816,0.9983443708609272,0.9983443708609272,0.7003311258278145,0.9983443708609272,0.9370860927152318, c
0.9983471074380166,1.0,0.2826446280991735,0.9983471074380166,0.9983471074380166,1.0,0.9983471074380166,0.4314049586776859,0.6694214876033058,0.9983471074380166,0.0,1.0,0.0,0.5272727272727272,0.2958677685950413,0.0,0.0,0.0,1.0,0.9983471074380166,0.0,1.0,0.9983471074380166,0.0,0.859504132231405,0.228099173553719,0.6991735537190082,0.2148760330578512,0.4975206611570248,0.0,0.9983471074380166,0.1322314049586777,0.2528925619834711,1.0,0.9983471074380166,1.0, c
0.9983277591973244,0.0,0.9899665551839464,0.0501672240802675,0.9983277591973244,0.9983277591973244,0.0,0.9983277591973244,0.9983277591973244,0.0,0.9983277591973244,1.0,0.7959866220735786,0.9966555183946488,0.0,0.0,0.0,0.3645484949832775,0.7709030100334449,0.9983277591973244,0.3444816053511705,0.3478260869565217,0.6237458193979933,0.9983277591973244,0.0,0.0,0.108695652173913,0.0,0.0,0.0301003344481605,0.0016722408026755,0.9983277591973244,0.7073578595317725,0.0,0.9983277591973244,0.9983277591973244, c
0.9983277591973244,0.9983277591973244,1.0,0.9983277591973244,0.9983277591973244,1.0,0.9983277591973244,0.265886287625418,0.596989966555184,1.0,0.774247491638796,1.0,0.0,0.9983277591973244,0.8695652173913043,0.0,0.9983277591973244,0.0,0.9983277591973244,0.9983277591973244,0.0,0.9983277591973244,0.9983277591973244,0.0451505016722408,0.4247491638795986,0.0,0.1438127090301003,0.6120401337792643,0.0,0.2759197324414715,0.9983277591973244,1.0,1.0,1.0,0.9983277591973244,1.0, c
1.0,0.5418060200668896,0.3946488294314381,1.0,0.9983277591973244,1.0,1.0,1.0,0.391304347826087,1.0,0.4782608695652174,1.0,0.9983277591973244,0.3227424749163879,0.6471571906354515,0.9983277591973244,0.0183946488294314,1.0,0.9983277591973244,0.9983277591973244,0.4581939799331103,1.0,0.9983277591973244,0.7926421404682275,0.2357859531772575,0.1789297658862876,0.0,0.0,0.0,0.0,0.9983277591973244,1.0,0.0,1.0,0.7642140468227425,1.0, c
0.993388429752066,1.0,0.3950413223140496,1.0,1.0,1.0,1.0,1.0,0.2330578512396694,1.0,0.0,0.8363636363636363,1.0,0.6214876033057851,1.0,0.7983471074380165,0.8958677685950414,1.0,0.0,1.0,1.0,0.996694214876033,1.0,0.0066115702479338,0.0,0.0,0.0,0.0,0.0,0.0,1.0,1.0,0.0,1.0,1.0,0.905785123966942, c
0.9983471074380166,0.9983471074380166,0.7024793388429752,0.0826446280991735,0.9983471074380166,0.9983471074380166,0.452892561983471,0.9983471074380166,0.0,0.9983471074380166,0.9983471074380166,1.0,0.9983471074380166,0.9983471074380166,0.2892561983471074,0.9983471074380166,0.9983471074380166,0.2462809917355372,0.9983471074380166,0.5223140495867769,0.0049586776859504,0.9983471074380166,0.9983471074380166,1.0,0.0,0.0,0.9983471074380166,0.0,0.112396694214876,0.0,0.9983471074380166,0.9983471074380166,0.9239669421487604,0.9983471074380166,0.9983471074380166,1.0, c
0.9983471074380166,0.5190082644628099,0.4578512396694215,1.0,1.0,1.0,0.1008264462809917,1.0,0.4363636363636363,0.9024793388429752,1.0,1.0,1.0,1.0,0.9983471074380166,1.0,1.0,1.0,1.0,0.8231404958677686,0.3289256198347107,1.0,1.0,1.0,0.2033057851239669,0.1884297520661157,0.5057851239669422,0.0,0.0,0.0,1.0,1.0,1.0,1.0,1.0,1.0, c
0.8446280991735537,0.9983471074380166,0.9983471074380166,0.9983471074380166,0.9983471074380166,0.9983471074380166,0.9983471074380166,0.9983471074380166,0.0,0.9983471074380166,0.9983471074380166,0.9404958677685952,0.9983471074380166,0.112396694214876,0.9983471074380166,0.9983471074380166,0.9983471074380166,0.9983471074380166,0.9983471074380166,0.9983471074380166,0.0,0.0,0.9983471074380166,0.9983471074380166,0.7851239669421488,0.9983471074380166,0.0611570247933884,0.9983471074380166,0.9983471074380166,0.0,1.0,1.0,0.0,1.0,1.0,1.0, c
0.9983471074380166,1.0,0.2099173553719008,0.9983471074380166,0.9983471074380166,1.0,0.9983471074380166,0.5768595041322314,0.0,1.0,1.0,1.0,1.0,1.0,0.2942148760330578,1.0,0.996694214876033,0.9983471074380166,0.0,0.9983471074380166,0.0,0.9917355371900828,0.950413223140496,0.9834710743801652,0.2545454545454545,0.4611570247933884,0.0,0.0,0.0,0.9900826446280993,0.996694214876033,0.3388429752066115,0.7371900826446282,0.0,0.9421487603305784,0.9239669421487604, c
1.0,1.0,0.0,0.9768595041322314,1.0,1.0,1.0,1.0,0.0,0.2528925619834711,1.0,1.0,1.0,1.0,0.3586776859504132,0.0,1.0,0.4380165289256198,1.0,1.0,0.0,0.343801652892562,1.0,1.0,1.0,1.0,0.0,0.9024793388429752,0.7140495867768595,1.0,1.0,1.0,0.0,0.0,1.0,1.0, t
1.0,1.0,0.0,0.7884297520661157,1.0,1.0,0.9983471074380166,1.0,0.0,0.9983471074380166,1.0,0.3603305785123967,1.0,1.0,0.4826446280991736,1.0,0.8545454545454545,1.0,1.0,1.0,0.0033057851239669,1.0,1.0,1.0,1.0,1.0,0.0,0.0,1.0,1.0,1.0,1.0,0.0,1.0,0.0049586776859504,1.0, t
1.0,1.0,0.0,0.0,1.0,1.0,1.0,1.0,0.0,0.0,0.7388429752066116,0.2727272727272727,1.0,1.0,0.2528925619834711,0.0,1.0,1.0,1.0,1.0,0.0,0.0,1.0,1.0,1.0,1.0,0.0,0.3421487603305785,1.0,1.0,1.0,0.0826446280991735,0.0,0.0,1.0,1.0, t
1.0,0.056198347107438,0.0,1.0,1.0,1.0,1.0,0.0479338842975206,0.0,0.5256198347107438,1.0,1.0,1.0,1.0,0.0,1.0,1.0,0.0446280991735537,1.0,0.9983471074380166,0.0396694214876033,1.0,1.0,1.0,1.0,1.0,0.0,0.9586776859504132,1.0,1.0,1.0,1.0,0.0,1.0,1.0,1.0, t
1.0,1.0,0.2033057851239669,0.0,1.0,1.0,0.2082644628099173,1.0,0.0,0.0,1.0,1.0,1.0,0.0,0.0,0.0,0.8132231404958677,1.0,1.0,1.0,0.0,0.0,1.0,1.0,1.0,0.9983471074380166,0.0,0.0,1.0,0.8396694214876033,1.0,1.0,0.0,0.0,1.0,1.0, t
1.0,1.0,0.0,0.0,1.0,1.0,1.0,1.0,0.7586776859504132,0.8512396694214877,1.0,0.8181818181818182,1.0,0.7173553719008264,1.0,0.2991735537190083,0.4066115702479339,1.0,0.9983471074380166,1.0,1.0,0.0,1.0,1.0,1.0,1.0,0.0,0.0,1.0,0.0,1.0,1.0,0.0,0.4330578512396694,1.0,1.0, t
1.0,1.0,0.8016528925619835,1.0,1.0,1.0,0.9983471074380166,1.0,0.8611570247933884,0.543801652892562,1.0,1.0,1.0,1.0,0.0,1.0,1.0,1.0,1.0,1.0,1.0,1.0,1.0,1.0,1.0,1.0,0.9553719008264464,0.8264462809917356,1.0,1.0,1.0,1.0,1.0,1.0,1.0,0.8214876033057851, t
0.9983498349834984,0.3943894389438944,0.2986798679867987,0.9983498349834984,0.9983498349834984,0.9983498349834984,0.9983498349834984,0.4702970297029702,0.0,0.9983498349834984,0.9983498349834984,0.7607260726072608,0.9983498349834984,0.0,0.0,0.9983498349834984,0.9983498349834984,0.9983498349834984,0.9983498349834984,0.9983498349834984,0.8052805280528053,0.9983498349834984,0.9983498349834984,0.9983498349834984,0.9983498349834984,0.0,0.9983498349834984,0.9983498349834984,0.9983498349834984,0.9983498349834984,0.9983498349834984,0.9983498349834984,0.0,0.9983498349834984,0.9983498349834984,1.0, t
1.0,1.0,0.3071065989847715,0.4873096446700508,1.0,1.0,1.0,1.0,0.2284263959390862,0.949238578680203,1.0,1.0,1.0,1.0,1.0,1.0,1.0,1.0,1.0,0.5786802030456852,1.0,1.0,1.0,1.0,1.0,1.0,0.5532994923857868,1.0,0.9974619289340102,1.0,1.0,1.0,0.0,1.0,1.0,1.0, t
0.9983498349834984,1.0,0.0,0.9983498349834984,0.9983498349834984,0.9983498349834984,0.9983498349834984,0.9570957095709572,0.9983498349834984,0.9983498349834984,0.9966996699669968,0.9983498349834984,0.9983498349834984,0.8184818481848185,0.0,0.9983498349834984,0.9983498349834984,0.9702970297029704,0.9983498349834984,0.6600660066006601,0.933993399339934,0.9983498349834984,0.0,0.9983498349834984,0.9983498349834984,0.995049504950495,0.9966996699669968,0.5016501650165016,0.9983498349834984,0.9983498349834984,0.5808580858085809,0.9983498349834984,0.9983498349834984,0.9983498349834984,0.9983498349834984,0.9983498349834984, t
1.0,1.0,0.9983471074380166,0.9983471074380166,1.0,1.0,1.0,0.9983471074380166,0.1239669421487603,1.0,1.0,1.0,1.0,1.0,0.8181818181818182,1.0,1.0,1.0,1.0,1.0,1.0,0.8214876033057851,1.0,1.0,1.0,1.0,0.0,1.0,1.0,0.2545454545454545,0.9983471074380166,1.0,0.0,1.0,1.0,1.0, t
1.0,0.9983471074380166,0.4297520661157025,0.0,0.9983471074380166,0.9900826446280993,1.0,1.0,0.543801652892562,0.5785123966942148,0.4644628099173554,1.0,1.0,1.0,0.3090909090909091,0.2033057851239669,1.0,1.0,0.0,1.0,0.0,1.0,1.0,0.3603305785123967,1.0,1.0,0.0,0.0,0.0,1.0,1.0,1.0,0.7338842975206612,0.0,1.0,1.0, t
1.0,0.0,0.9983471074380166,1.0,1.0,1.0,1.0,0.4132231404958678,0.4,1.0,1.0,1.0,0.1157024793388429,1.0,0.0,1.0,1.0,0.7834710743801653,1.0,1.0,0.4710743801652892,1.0,1.0,1.0,1.0,0.0049586776859504,0.2314049586776859,1.0,1.0,1.0,0.0066115702479338,0.5586776859504132,0.2677685950413223,1.0,1.0,1.0, t
0.9983498349834984,0.9983498349834984,0.0,0.9966996699669968,0.9983498349834984,0.9983498349834984,0.9983498349834984,0.9983498349834984,0.3399339933993399,0.6518151815181518,0.9983498349834984,0.9983498349834984,0.9983498349834984,0.9983498349834984,0.0,1.0,0.9983498349834984,0.9983498349834984,0.9983498349834984,0.9983498349834984,0.0,0.9983498349834984,0.9983498349834984,1.0,0.9983498349834984,0.9983498349834984,0.8597359735973598,0.9966996699669968,0.6534653465346535,0.9983498349834984,0.1369636963696369,0.9983498349834984,0.0,0.1369636963696369,0.9983498349834984,0.9983498349834984, t
1.0,1.0,0.9173553719008264,0.1454545454545454,1.0,1.0,1.0,1.0,0.3239669421487603,0.1785123966942148,1.0,0.7008264462809918,1.0,0.7537190082644628,0.0016528925619834,1.0,1.0,1.0,1.0,0.5041322314049587,0.0,1.0,1.0,1.0,1.0,1.0,0.0,1.0,1.0,1.0,1.0,1.0,0.0,1.0,0.9950413223140496,1.0, t
0.9982758620689656,0.0017241379310344,0.9982758620689656,0.9982758620689656,0.9982758620689656,1.0,0.9982758620689656,0.196551724137931,1.0,1.0,0.9982758620689656,1.0,0.9982758620689656,0.1586206896551724,1.0,0.9982758620689656,0.9982758620689656,1.0,0.9982758620689656,1.0,0.9982758620689656,0.9982758620689656,0.9982758620689656,1.0,0.9982758620689656,0.8689655172413793,1.0,0.9982758620689656,0.9982758620689656,1.0,0.9982758620689656,0.0,0.9982758620689656,0.9982758620689656,0.9982758620689656,1.0, 2
0.9982758620689656,0.0017241379310344,0.9982758620689656,0.9982758620689656,0.9982758620689656,1.0,0.9982758620689656,0.0017241379310344,0.9982758620689656,0.9982758620689656,0.9982758620689656,1.0,0.9982758620689656,0.0017241379310344,1.0,0.9982758620689656,0.9982758620689656,1.0,1.0,0.0017241379310344,0.7310344827586207,0.9982758620689656,0.9982758620689656,1.0,0.9982758620689656,0.0017241379310344,0.0,0.9982758620689656,0.0724137931034482,1.0,0.9982758620689656,0.0,0.0017241379310344,0.9982758620689656,0.0017241379310344,1.0, 2
0.9931856899488928,0.0017035775127768,0.9931856899488928,0.9931856899488928,0.9931856899488928,0.9948892674616696,0.9931856899488928,0.0017035775127768,0.9727427597955708,0.9948892674616696,0.9931856899488928,0.9948892674616696,0.9948892674616696,0.0,0.5928449744463373,0.9948892674616696,0.9948892674616696,0.9948892674616696,0.9948892674616696,0.0017035775127768,0.9233390119250426,1.0,1.0,1.0,0.7989778534923339,0.0017035775127768,0.5724020442930153,0.9982964224872232,0.9982964224872232,0.6848381601362862,0.9982964224872232,0.0017035775127768,0.0647359454855195,0.9982964224872232,0.575809199318569,1.0, 2
0.9389438943894388,0.9389438943894388,0.0,0.1567656765676567,0.9405940594059404,0.9405940594059404,0.9405940594059404,0.9405940594059404,0.0,0.8036303630363036,0.9405940594059404,0.9405940594059404,0.9405940594059404,0.9405940594059404,0.0,0.5396039603960396,0.9405940594059404,0.9405940594059404,0.9983498349834984,1.0,0.0016501650165016,0.9983498349834984,0.9983498349834984,0.9983498349834984,0.9983498349834984,0.9983498349834984,0.0016501650165016,0.0016501650165016,0.9983498349834984,1.0,1.0,0.9983498349834984,0.0016501650165016,0.9983498349834984,0.9983498349834984,1.0, 2
0.9983471074380166,0.0,0.9983471074380166,0.9983471074380166,0.9983471074380166,0.9983471074380166,0.9983471074380166,0.1537190082644628,0.6132231404958678,0.9983471074380166,0.9983471074380166,0.0,0.9983471074380166,0.0,0.2595041322314049,0.9983471074380166,0.9983471074380166,0.4512396694214876,0.9983471074380166,0.0,0.9983471074380166,0.0,0.9983471074380166,1.0,0.2082644628099173,0.0,0.768595041322314,0.2760330578512396,0.9983471074380166,1.0,0.9983471074380166,0.0,0.9983471074380166,0.9983471074380166,0.9983471074380166,1.0, 2
0.9983471074380166,0.9983471074380166,0.0,0.168595041322314,0.9983471074380166,0.9983471074380166,0.9983471074380166,0.9983471074380166,0.140495867768595,0.2859504132231405,0.9983471074380166,0.9983471074380166,0.9983471074380166,0.9983471074380166,0.0,0.9983471074380166,0.9983471074380166,0.140495867768595,0.9983471074380166,0.2099173553719008,0.0,0.0,0.4595041322314049,1.0,0.0,0.9983471074380166,0.1041322314049586,0.2066115702479339,0.9983471074380166,1.0,0.9983471074380166,0.9983471074380166,0.0,0.3867768595041322,0.9983471074380166,0.7256198347107438, 2
0.9983471074380166,0.0016528925619834,0.0,0.9983471074380166,0.9983471074380166,0.9454545454545454,0.9983471074380166,0.0,0.0,0.9983471074380166,0.9917355371900828,1.0,0.9983471074380166,0.0,0.224793388429752,0.9983471074380166,0.9983471074380166,1.0,0.8809917355371901,0.0,0.9983471074380166,0.9983471074380166,0.9983471074380166,0.0,0.9983471074380166,0.0,0.4495867768595041,0.9983471074380166,0.7057851239669422,1.0,1.0,0.0,0.9983471074380166,0.9223140495867768,0.9983471074380166,1.0, 2
0.9983471074380166,0.9983471074380166,0.0,0.3206611570247933,0.9983471074380166,0.9983471074380166,0.9983471074380166,0.9983471074380166,0.0,0.9983471074380166,0.9983471074380166,0.9983471074380166,0.9983471074380166,0.9983471074380166,0.0,0.1900826446280991,0.9983471074380166,1.0,0.9983471074380166,0.9983471074380166,0.0,0.0,0.9983471074380166,1.0,0.5983471074380166,0.9983471074380166,0.0,0.4925619834710744,0.9983471074380166,0.4776859504132231,0.9983471074380166,0.9983471074380166,0.0,0.9983471074380166,0.0,0.2528925619834711, 2
1.0,1.0,0.9933665008291874,1.0,1.0,0.5538971807628524,1.0,0.0,0.3067993366500829,1.0,1.0,1.0,1.0,0.0,1.0,1.0,1.0,1.0,1.0,1.0,0.0,1.0,1.0,1.0,1.0,1.0,0.0,1.0,1.0,1.0,1.0,0.0,0.36318407960199,0.0,1.0,1.0, 2
0.9983388704318936,0.9983388704318936,0.0,0.0598006644518272,0.9983388704318936,1.0,0.9983388704318936,0.9983388704318936,0.0,0.9983388704318936,0.9983388704318936,0.1029900332225913,0.9983388704318936,0.9983388704318936,0.9933554817275748,0.0,0.181063122923588,1.0,0.9983388704318936,0.9950166112956812,0.021594684385382,0.9983388704318936,0.9983388704318936,0.9983388704318936,0.9983388704318936,0.9983388704318936,0.0,0.2358803986710963,0.9983388704318936,1.0,0.9983388704318936,0.9983388704318936,0.0,0.0,0.0,1.0, 2
0.9983416252072967,0.5223880597014925,0.9983416252072967,0.417910447761194,0.9983416252072967,1.0,0.9983416252072967,0.0,0.9983416252072967,0.0530679933665008,0.9983416252072967,1.0,0.9983416252072967,0.9983416252072967,0.9983416252072967,0.0016583747927031,0.9983416252072967,0.9983416252072967,0.9983416252072967,0.9270315091210614,0.2338308457711442,0.0,0.9983416252072967,0.9983416252072967,0.9983416252072967,0.1044776119402985,0.9966832504145936,0.0016583747927031,0.9983416252072967,0.9983416252072967,0.966832504145937,0.5074626865671642,0.9983416252072967,0.0016583747927031,0.9966832504145936,0.9983416252072967, 2
0.9983361064891848,0.0,1.0,0.9983361064891848,0.9983361064891848,1.0,1.0,0.0,0.0,1.0,1.0,0.5474209650582362,1.0,0.0,1.0,1.0,1.0,1.0,1.0,0.0,0.9500831946755408,0.0,1.0,1.0,0.4841930116472546,0.0,0.0349417637271214,1.0,1.0,1.0,1.0,0.0,0.9983361064891848,1.0,1.0,1.0, 2
0.9966722129783694,0.0,0.038269550748752,0.9983361064891848,0.9966722129783694,0.9983361064891848,0.7387687188019967,0.4841930116472546,0.2961730449251248,0.9966722129783694,0.9966722129783694,0.9983361064891848,0.9966722129783694,0.4176372712146423,0.9118136439267888,0.9966722129783694,0.9966722129783694,0.9983361064891848,0.9983361064891848,0.0,0.9983361064891848,0.9916805324459236,0.9983361064891848,0.9983361064891848,0.3793677204658902,0.0332778702163061,1.0,0.9983361064891848,0.9983361064891848,0.9417637271214644,0.9983361064891848,1.0,0.6688851913477537,0.9983361064891848,0.9717138103161398,0.9983361064891848, 2
