255,223,125,131,223,255,255,171,167,234,215,231,246,118,175,244,206,250,241,120,117,129,242,255,236,146,81,188,255,253,238,184,160,253,254,255,c
255,222,125,131,224,255,255,171,167,233,215,231,245,118,177,245,206,249,240,119,119,130,241,255,235,145,81,186,255,253,237,181,157,253,254,255,c
255,209,134,201,250,255,252,135,216,255,247,248,224,98,212,250,198,240,215,106,133,113,211,255,223,128,123,168,255,254,218,139,203,255,254,255,c
215,174,135,213,255,215,255,139,230,255,241,224,221,100,217,246,195,241,217,105,136,107,212,255,214,135,121,162,255,255,202,146,182,243,232,213,c
255,239,106,113,186,255,255,146,158,226,225,247,243,104,204,255,205,196,216,108,142,127,184,253,176,94,113,185,255,254,149,125,205,255,253,255,c
254,238,114,132,210,253,255,164,195,226,211,255,247,114,210,255,237,211,205,119,172,152,203,248,153,134,165,207,255,255,146,189,239,255,254,255,c
254,247,112,127,216,253,255,160,158,207,203,255,249,107,209,255,240,210,204,115,177,157,200,243,146,133,164,203,255,255,140,189,237,255,255,255,c
236,229,85,91,189,233,255,150,129,241,255,243,221,102,207,255,216,205,186,112,157,149,197,245,149,109,120,183,255,255,144,126,196,253,243,236,c
254,250,110,74,163,250,255,170,114,217,251,255,244,101,181,255,232,220,208,105,149,161,187,230,161,100,121,182,255,255,162,130,200,255,255,254,c
254,244,108,132,218,254,255,159,164,212,211,255,250,108,207,255,232,211,209,116,172,153,203,249,156,129,163,205,255,255,148,186,238,255,254,255,c
254,245,109,132,216,254,255,160,164,210,209,255,250,109,207,255,233,212,210,116,172,154,205,249,156,130,164,207,255,255,148,186,238,255,254,255,c
231,202,119,132,235,237,255,171,163,234,210,227,245,119,177,238,212,252,244,131,111,130,247,254,231,255,79,185,255,255,221,193,151,242,241,231,c
255,218,80,137,235,255,252,126,156,255,242,245,247,92,173,233,184,241,246,117,106,117,222,255,232,119,109,198,255,253,221,138,207,255,254,255,c
255,221,125,131,225,255,255,169,169,235,215,232,245,116,177,243,206,250,239,118,117,129,243,255,235,145,81,189,255,253,237,182,161,254,254,255,c
255,212,108,191,254,255,255,124,168,255,241,250,248,87,177,246,205,249,254,120,123,132,229,255,255,144,131,181,255,254,254,141,178,253,254,254,c
230,215,128,255,255,219,235,130,215,255,255,255,204,255,216,255,208,227,190,108,129,127,207,253,190,255,130,184,255,234,144,255,255,255,254,218,c
254,231,135,217,255,254,255,189,167,255,229,255,255,185,130,214,231,255,255,216,116,171,255,253,255,213,143,229,254,254,255,212,119,234,255,254,c
254,247,106,79,188,254,255,170,109,219,255,255,245,104,180,255,218,221,218,113,146,158,202,243,179,106,126,197,255,255,179,126,209,255,254,254,c
253,255,129,49,124,218,255,159,93,185,239,252,234,92,185,255,235,216,191,112,172,162,191,229,141,111,130,195,255,255,145,137,215,255,254,254,c
232,255,134,77,184,235,250,208,111,202,225,253,255,140,138,255,226,238,251,141,136,184,250,254,232,140,171,239,255,241,188,161,237,255,255,233,c
254,254,131,105,166,237,255,174,129,199,195,242,253,115,194,255,252,218,229,121,168,154,194,245,197,133,132,163,246,255,170,152,192,253,255,254,c
253,255,183,93,161,233,255,180,98,171,166,196,255,119,156,255,255,230,227,116,187,189,202,232,174,141,151,174,241,255,148,166,202,255,255,254,c
255,244,147,136,203,251,250,156,139,199,184,243,219,100,189,255,254,193,191,99,155,144,187,237,181,108,87,138,242,255,182,161,177,255,255,254,c
252,243,149,255,255,251,255,203,180,255,241,254,255,165,162,231,211,252,255,180,123,175,255,255,254,181,147,236,255,251,246,148,255,255,255,251,c
254,242,134,152,255,255,255,197,178,255,228,251,255,164,162,225,215,252,255,181,126,174,255,254,253,182,151,238,255,254,250,151,183,255,254,255,c
254,254,107,66,182,255,255,175,94,188,219,248,255,93,150,255,205,221,239,111,137,163,235,255,208,112,139,221,255,253,191,152,225,255,254,255,c
255,236,76,70,200,255,255,161,124,211,225,236,251,97,181,251,199,224,234,115,136,152,242,255,210,116,134,215,255,253,195,154,222,255,254,255,c
234,229,101,92,255,243,255,189,117,212,229,226,255,129,255,250,179,255,250,124,140,144,221,255,221,105,99,192,255,255,194,112,190,255,241,234,c
254,255,124,86,184,255,255,198,109,207,223,240,255,133,146,251,185,235,253,127,127,150,224,255,229,98,105,209,255,253,207,119,208,255,253,255,c
254,253,128,105,161,233,255,178,134,201,199,240,252,116,198,255,253,214,226,118,167,151,188,241,197,131,127,154,242,255,170,150,189,251,255,254,c
253,255,151,97,166,237,255,177,108,193,190,237,255,117,165,255,252,223,242,122,159,158,197,247,203,134,135,170,249,255,171,149,195,255,255,254,c
255,239,114,88,194,236,255,196,255,213,225,226,254,131,142,250,184,236,252,134,120,255,228,255,227,114,98,207,255,255,197,114,186,254,238,228,c
254,248,111,88,190,255,255,195,115,217,231,237,255,134,153,251,180,232,253,124,131,142,218,255,228,98,101,193,255,253,208,120,203,255,253,255,c
254,245,144,148,251,255,255,208,176,253,241,252,255,173,158,233,220,252,255,184,132,172,251,255,254,188,147,224,255,254,253,158,175,255,254,255,c
254,255,144,111,201,255,255,180,110,214,221,249,255,114,152,255,238,247,247,109,154,207,253,255,214,111,195,247,255,254,202,153,247,255,254,255,c
223,235,138,116,235,228,255,204,142,231,228,238,254,179,255,220,231,253,255,255,128,184,255,252,243,204,150,232,255,255,231,183,147,248,236,222,c
254,243,84,70,196,255,255,164,115,205,226,241,252,93,176,254,201,221,234,113,138,156,240,255,208,115,136,217,255,253,192,154,224,255,254,255,c
254,242,82,68,194,255,255,161,115,206,228,242,251,91,177,255,200,218,232,111,138,155,237,255,204,114,136,216,255,253,187,155,224,255,254,255,c
255,239,139,133,195,251,247,150,145,203,188,241,211,101,195,255,252,190,185,99,156,140,186,240,180,108,89,139,244,255,180,159,175,255,255,254,c
221,228,147,143,209,222,255,167,139,187,186,225,228,103,183,255,249,189,206,102,157,144,187,244,182,122,89,137,248,255,152,161,157,246,238,219,c
254,246,114,110,172,252,255,167,143,217,221,244,255,116,187,255,232,224,241,124,147,137,201,254,220,134,121,165,252,254,198,145,189,254,255,254,c
254,255,108,62,177,255,255,176,91,187,220,251,255,94,143,255,206,217,239,109,133,160,230,255,207,109,136,220,255,253,190,153,225,255,254,255,c
255,246,114,118,216,255,255,164,142,229,227,246,255,108,189,248,235,249,240,112,158,195,255,255,209,117,192,245,255,254,202,159,248,255,254,255,c
229,255,125,108,194,230,251,175,255,222,225,251,255,111,255,250,235,245,232,110,255,198,254,253,196,125,201,248,255,255,167,255,249,255,255,228,c
255,252,164,141,209,251,251,167,132,183,165,241,232,104,177,255,255,198,203,103,156,152,193,232,186,116,91,140,241,255,184,162,175,255,255,254,c
255,248,155,138,205,251,250,160,134,190,172,242,227,101,181,255,255,195,199,100,153,145,190,235,184,112,88,142,243,255,185,164,178,255,255,254,c
255,239,108,121,221,255,255,162,152,231,228,244,254,111,199,246,234,249,238,115,158,191,255,255,209,120,189,244,255,254,205,160,247,255,254,255,c
232,232,112,123,226,255,255,255,139,227,231,235,255,106,185,250,235,247,243,114,155,196,254,255,211,117,184,244,255,255,193,146,240,253,241,255,c
255,225,136,204,255,253,255,181,206,255,208,255,255,151,154,193,220,255,255,178,108,147,255,254,255,204,131,213,255,253,255,190,149,246,255,254,c
97,111,228,254,255,248,78,119,236,255,253,196,82,137,190,222,196,130,88,143,158,150,137,210,85,132,134,115,214,255,90,122,105,174,255,252,c
254,252,138,106,180,255,255,165,112,209,215,248,255,120,161,254,206,218,246,119,136,143,200,255,208,101,121,204,255,253,177,117,205,255,253,255,c
227,255,169,255,177,225,250,255,109,186,182,252,253,107,191,255,255,229,191,113,191,171,204,222,118,150,168,198,247,246,124,196,235,255,255,228,c
254,253,141,105,189,255,255,168,111,206,213,249,255,121,159,255,207,214,246,119,136,141,197,255,208,100,120,203,255,254,176,117,206,255,253,255,c
255,223,80,131,247,255,254,134,125,255,230,249,253,114,138,218,188,252,255,150,94,122,240,255,255,152,105,199,255,253,254,156,182,255,254,255,c
255,238,94,98,217,255,254,140,111,246,238,247,255,115,141,220,196,248,252,138,111,138,241,255,240,132,132,223,255,253,233,152,221,255,254,255,c
237,248,156,119,255,241,255,229,108,212,254,243,254,204,100,205,233,254,255,202,118,199,255,253,254,255,151,248,255,255,249,184,138,252,245,238,c
254,250,171,200,249,255,255,212,162,255,255,255,255,168,145,244,210,244,255,168,126,184,243,253,241,161,178,240,255,255,235,130,202,255,253,255,c
253,255,134,80,192,255,255,202,108,201,224,251,255,129,143,255,228,232,250,133,144,184,244,255,222,133,167,232,255,254,199,165,238,255,254,255,c
254,248,108,78,161,235,254,154,112,219,252,255,222,86,198,255,237,215,165,101,163,161,176,222,122,104,119,166,249,255,132,138,186,255,255,253,c
239,251,143,81,255,245,255,208,97,196,225,241,255,138,115,255,229,255,255,138,132,190,244,255,228,133,159,232,255,255,198,152,228,255,246,241,c
255,196,132,205,250,255,247,125,226,255,255,252,208,97,222,255,203,229,196,105,135,126,207,255,202,124,125,175,255,254,192,142,215,255,254,255,c
254,243,100,91,204,255,255,144,105,241,242,246,255,115,140,230,197,243,251,134,113,133,232,255,234,128,130,215,255,253,223,146,218,255,254,255,c
255,227,124,125,215,255,255,173,155,230,210,233,248,120,168,241,207,250,246,130,112,129,245,255,240,155,80,189,255,253,239,184,157,252,254,255,c
251,255,87,142,222,245,252,134,172,255,243,245,244,96,171,231,181,237,239,110,105,105,216,255,227,114,106,194,255,255,202,139,210,255,254,242,c
254,249,135,109,198,255,255,164,111,210,218,245,255,127,152,246,197,230,251,128,126,144,218,255,224,107,119,214,255,253,198,113,202,255,253,255,c
254,251,132,108,179,255,255,163,122,211,218,246,255,117,170,252,202,214,244,118,137,136,198,255,206,100,119,201,255,253,175,116,204,255,253,255,c
254,255,129,86,201,255,255,197,106,212,228,249,255,130,137,255,224,239,252,136,137,183,248,255,231,133,164,235,255,254,210,159,234,255,254,255,c
252,250,106,90,210,255,255,193,126,216,232,244,255,130,160,253,224,255,252,141,140,179,251,255,231,142,164,255,255,254,212,165,234,255,252,252,c
255,229,190,226,255,255,255,186,211,255,249,253,254,149,156,230,201,248,252,150,120,170,251,255,248,171,160,238,255,254,245,145,180,255,254,255,c
255,209,164,235,255,254,255,163,208,255,219,255,255,157,139,205,230,255,255,194,103,153,255,254,255,207,140,223,255,253,255,199,123,233,255,254,c
255,255,255,255,255,254,219,193,187,184,243,255,172,147,128,125,132,219,255,253,169,180,169,184,253,255,249,226,230,254,255,255,255,255,255,255,h
255,250,252,255,255,254,188,155,171,160,217,255,230,217,164,142,127,231,255,255,190,174,156,159,254,253,253,217,167,170,255,255,255,255,255,255,h
255,255,255,255,255,254,215,190,178,185,247,255,165,135,123,109,132,220,255,242,162,182,163,180,253,255,239,223,230,253,255,254,255,255,255,255,h
226,255,249,255,255,217,200,167,173,159,207,243,203,198,169,147,127,208,255,255,200,255,255,144,233,253,252,228,193,193,218,255,254,255,241,227,h
255,255,255,255,255,254,200,178,184,177,244,255,190,175,142,130,139,241,255,255,209,190,159,175,253,254,252,224,219,237,255,255,255,255,255,255,h
255,255,255,255,255,254,190,171,182,182,247,255,202,181,143,125,142,246,255,255,205,190,155,177,253,253,250,220,213,229,255,255,255,255,255,255,h
255,255,255,255,255,254,222,206,199,194,255,255,174,147,134,106,150,237,255,251,198,152,113,168,254,255,254,229,223,251,255,255,255,255,255,255,h
227,255,255,255,236,219,255,177,188,193,255,255,202,255,139,110,154,247,255,255,202,150,112,166,255,255,254,221,213,221,220,235,250,255,255,223,h
255,255,255,255,255,253,222,185,190,203,232,255,205,180,143,133,137,181,255,255,229,167,168,151,254,253,255,242,219,253,255,255,254,255,255,255,h
255,255,255,255,255,253,224,189,192,201,232,255,202,178,139,139,135,179,255,255,221,172,172,152,254,253,255,241,224,255,255,255,254,255,255,255,h
255,255,255,255,255,254,208,184,184,188,249,255,214,195,152,141,133,230,255,255,201,196,168,169,253,254,255,232,226,243,255,255,255,255,255,255,h
250,255,255,255,255,241,219,193,190,182,236,255,255,255,156,156,132,215,255,255,255,186,180,173,246,254,255,237,230,252,243,255,254,255,253,245,h
255,255,255,255,255,254,217,200,197,193,254,255,176,150,135,111,147,236,255,255,202,152,116,168,254,255,255,227,222,251,255,255,255,255,255,255,h
255,255,255,255,255,254,224,206,199,194,255,255,172,147,134,108,148,236,255,254,201,152,114,166,254,255,254,228,223,251,255,255,255,255,255,255,h
255,255,255,255,255,253,225,189,192,201,230,255,204,179,142,136,137,177,255,255,226,170,170,153,254,253,255,243,223,255,255,255,254,255,255,255,h
255,255,255,255,255,253,223,185,190,203,232,255,204,179,143,131,137,182,255,255,230,166,166,152,254,253,255,243,219,253,255,255,254,255,255,255,h
255,245,250,255,255,254,183,152,167,157,232,255,240,214,157,128,137,246,255,252,181,182,139,179,254,254,252,214,162,166,255,255,255,255,253,255,h
255,255,255,255,255,254,226,200,188,187,245,255,164,139,126,117,131,216,255,246,165,183,168,183,254,255,244,225,233,254,255,254,255,255,255,255,h
255,255,253,255,255,254,195,161,173,163,206,255,215,206,175,149,129,216,255,255,208,165,169,150,254,253,254,224,179,186,255,255,255,255,255,255,h
232,249,255,255,255,224,234,205,193,181,237,247,163,144,127,134,133,205,253,255,174,177,176,189,238,255,251,231,236,255,226,255,255,255,244,226,h
255,255,255,255,255,254,210,187,183,173,243,255,182,168,144,133,139,239,255,255,214,193,162,175,253,254,253,231,227,242,255,255,255,255,255,255,h
255,255,255,255,255,254,201,180,182,177,246,255,191,173,143,124,140,244,255,255,210,191,156,176,253,253,252,227,222,239,255,255,255,255,255,255,h
255,255,255,255,255,254,211,184,184,176,234,255,199,192,162,157,129,218,255,255,206,197,178,172,253,254,255,234,223,248,255,255,255,255,255,255,h
230,246,255,255,255,220,220,255,191,186,241,245,198,184,149,150,135,211,255,255,208,190,182,172,235,254,255,238,233,255,222,255,254,255,242,225,h
255,255,255,255,255,253,231,213,202,184,230,255,199,179,155,147,107,152,255,255,221,200,193,170,254,255,254,243,252,255,255,255,255,255,255,254,h
255,255,255,255,255,254,202,179,189,201,253,255,211,196,169,141,158,245,255,255,214,195,180,185,253,253,253,238,226,237,255,255,255,255,255,255,h
255,255,255,255,255,255,228,174,165,168,206,254,207,177,121,115,119,163,255,255,219,138,190,176,254,253,255,226,208,239,255,255,254,255,255,255,h
255,255,255,255,255,240,231,175,164,167,201,255,203,174,121,115,128,154,255,255,226,136,187,180,243,253,255,230,210,240,238,255,253,255,252,242,h
255,255,255,255,255,254,185,158,170,153,227,255,225,202,153,129,120,232,255,255,182,200,171,179,254,255,254,237,222,219,255,255,255,255,255,255,h
255,255,255,255,255,254,226,192,180,171,240,255,168,143,120,111,114,211,255,255,194,182,168,169,254,255,248,227,231,250,255,255,255,255,255,255,h
255,255,255,255,255,254,201,170,176,149,218,255,226,217,168,134,107,220,255,255,178,169,177,174,253,254,249,198,223,239,255,255,255,255,255,255,h
255,255,255,255,255,247,209,180,180,148,215,255,211,207,172,138,109,216,255,255,184,167,182,175,255,254,252,203,226,242,248,251,254,255,255,251,h
255,255,255,255,255,254,227,219,209,212,255,255,166,159,144,116,168,234,255,252,198,175,172,191,254,255,252,245,241,255,255,255,255,255,255,255,h
255,255,255,255,255,255,210,155,151,169,213,254,226,200,131,115,133,157,255,255,233,130,186,175,254,253,255,226,195,227,255,255,255,255,255,255,h
255,255,255,255,255,255,233,179,167,169,206,254,202,170,118,113,116,163,255,255,216,139,189,173,254,253,255,225,209,240,255,255,254,255,255,255,h
255,255,255,255,255,250,238,255,196,186,241,255,170,131,131,120,116,209,252,255,192,159,113,139,254,255,255,211,255,248,252,255,255,255,255,255,h
255,255,255,255,255,254,214,182,179,144,211,255,210,207,171,139,108,214,255,255,183,168,183,176,253,254,252,206,229,247,255,255,255,255,255,255,h
255,255,255,255,255,254,210,178,177,146,214,255,214,210,170,137,108,216,255,255,182,168,181,176,253,254,252,205,229,246,255,255,255,255,255,255,h
255,255,255,255,255,254,193,158,174,157,203,255,205,197,157,145,120,206,255,255,190,175,196,177,253,254,254,233,220,222,255,255,255,255,255,255,h
255,255,255,255,255,251,195,165,178,159,221,255,209,195,154,136,119,222,255,255,182,190,185,176,254,255,254,237,226,222,252,252,255,255,255,255,h
255,255,255,255,255,254,221,197,194,196,250,255,191,179,164,140,151,235,255,255,222,200,183,181,254,254,253,243,238,248,255,255,255,255,255,255,h
255,255,255,255,255,253,231,213,201,183,230,255,199,179,155,147,106,151,255,255,221,200,193,171,254,255,254,244,252,255,255,255,255,255,255,254,h
255,255,255,255,255,254,219,197,194,195,249,255,195,186,168,146,154,235,255,255,224,202,190,185,253,254,253,244,239,249,255,255,255,255,255,255,h
255,255,255,255,255,253,231,255,203,186,234,255,199,178,155,142,105,157,255,254,255,202,188,170,254,255,253,244,253,255,255,255,255,255,255,254,h
255,255,255,255,255,254,219,191,194,186,242,255,186,156,137,120,116,212,255,255,192,157,111,136,253,254,252,212,206,244,255,255,255,255,255,255,h
255,255,255,255,254,254,222,215,205,213,255,255,165,154,135,113,173,238,255,250,190,170,167,189,254,255,252,245,239,253,255,255,255,255,255,255,h
255,255,255,255,255,254,214,185,191,187,245,255,185,154,136,116,119,217,255,255,189,157,107,135,253,254,251,209,203,240,255,255,255,255,255,255,h
235,255,255,255,239,227,198,208,205,213,255,255,177,167,146,115,171,242,255,255,255,174,169,186,255,255,253,243,239,235,227,239,255,255,255,228,h
255,255,255,255,255,254,198,168,174,147,217,255,229,219,166,137,107,219,255,255,178,167,177,174,254,254,249,200,223,238,255,255,255,255,255,255,h
255,255,255,255,255,254,216,185,179,170,241,255,178,157,126,106,115,216,255,255,196,190,168,173,253,254,248,228,234,251,255,255,255,255,255,255,h
255,255,255,255,255,254,205,172,173,171,244,255,187,164,125,103,117,222,255,255,193,186,161,167,253,254,246,224,226,244,255,255,255,255,255,255,h
248,255,255,255,255,241,240,223,208,188,255,255,194,173,152,143,108,151,255,252,219,200,190,173,248,255,253,243,255,255,244,255,255,255,249,243,h
255,255,255,255,255,254,220,198,194,196,250,255,195,184,167,142,153,236,255,255,223,203,188,184,253,254,253,245,240,249,255,255,255,255,255,255,h
255,255,255,255,255,255,230,174,164,168,208,255,202,169,116,113,113,164,255,255,212,138,190,171,254,253,255,221,207,238,255,255,255,255,255,255,h
255,255,255,255,255,253,233,216,204,187,235,255,198,177,153,143,107,157,255,254,220,201,188,169,254,255,253,243,252,255,255,255,255,255,255,254,h
238,255,255,255,241,230,195,186,187,197,255,255,208,195,169,133,155,255,255,255,219,202,178,181,255,255,254,255,236,227,231,241,251,255,255,234,h
255,255,255,255,255,254,191,168,165,158,241,255,219,193,155,109,130,239,255,248,188,200,158,177,254,255,253,243,229,222,255,255,255,255,255,255,h
255,245,242,250,255,255,178,140,160,155,170,244,197,197,175,149,136,165,255,255,208,150,198,186,253,253,254,212,200,206,255,255,255,255,255,255,h
255,255,255,255,255,254,216,178,178,171,233,255,174,149,118,119,120,208,255,255,205,164,169,169,253,254,251,227,222,246,255,255,255,255,255,255,h
255,255,255,255,255,251,216,181,181,173,236,255,174,150,120,116,121,211,255,255,203,171,255,255,254,254,250,225,225,245,253,254,255,255,255,254,h
255,255,255,255,255,254,224,194,197,188,242,255,175,143,133,119,117,208,255,255,194,156,113,136,254,254,254,212,208,246,255,255,255,255,255,255,h
255,255,255,255,254,254,224,217,207,213,255,255,167,157,140,115,171,237,255,251,194,172,170,190,254,255,252,244,239,254,255,255,255,255,255,255,h
255,255,255,255,255,254,210,182,192,191,245,255,187,157,136,118,118,216,255,255,188,157,110,133,253,254,250,204,200,239,255,255,255,255,255,255,h
255,255,255,255,254,250,255,255,206,212,255,255,164,156,140,255,169,234,255,251,194,173,171,190,251,255,252,255,241,255,250,255,255,255,255,255,h
255,255,255,255,255,254,222,203,191,195,255,255,176,148,136,110,151,238,255,255,199,152,114,168,254,255,253,228,222,250,255,255,255,255,255,255,h
255,248,251,255,255,254,184,151,169,157,224,255,235,217,158,137,131,240,255,255,183,176,144,167,254,253,253,213,162,167,255,255,255,255,255,255,h
255,255,255,255,255,254,204,184,183,176,247,255,189,170,143,118,139,245,255,255,211,194,155,175,253,254,252,231,226,239,255,255,255,255,255,255,h
221,243,255,255,255,214,246,217,191,183,240,242,155,131,125,255,132,201,245,242,166,182,175,192,235,255,245,229,241,255,216,254,255,255,238,217,h
255,255,255,255,255,253,225,189,191,201,229,255,203,179,141,134,135,175,255,255,227,169,170,152,254,253,255,243,223,255,255,255,254,255,255,255,h
255,255,255,255,255,254,212,187,187,185,243,255,207,191,152,147,133,219,255,255,209,191,178,170,253,254,255,236,229,249,255,255,255,255,255,255,h
254,255,199,204,223,255,253,254,201,168,228,255,255,243,142,129,244,255,255,222,144,127,239,255,255,228,140,187,254,255,255,249,179,212,255,255,2
254,255,210,229,239,254,253,255,218,197,206,255,253,255,167,129,222,255,255,194,133,146,235,255,255,166,151,143,199,255,255,217,127,138,244,255,2
255,254,200,243,229,255,253,255,211,212,198,255,254,245,154,139,218,255,255,180,134,113,239,255,255,175,153,128,228,255,255,217,127,167,254,254,2
255,221,218,188,252,252,255,229,145,147,254,255,255,255,136,110,244,255,255,237,175,134,230,255,255,249,166,166,229,255,251,254,241,255,216,255,2
255,251,188,227,219,255,253,255,185,175,221,255,255,235,138,133,245,255,255,195,154,136,238,255,255,208,107,144,250,255,255,244,136,204,255,255,2
254,254,204,224,216,255,253,255,209,184,211,255,255,213,117,116,234,255,255,185,166,130,229,255,255,218,172,157,241,255,255,247,169,192,252,255,2
254,254,203,228,216,255,253,255,212,188,209,255,255,219,128,115,231,255,255,183,159,126,226,255,255,224,181,156,237,255,255,250,177,187,250,255,2
235,238,188,197,255,239,255,255,255,162,244,247,254,243,125,255,251,253,255,214,153,132,221,254,250,232,123,118,221,255,233,255,157,153,230,235,2
255,254,201,243,228,255,253,255,214,212,200,255,254,243,159,144,219,255,255,182,129,111,240,255,255,181,152,127,235,255,255,220,133,177,255,254,2
254,255,206,236,237,254,253,255,215,210,195,255,254,248,150,142,214,255,255,174,138,142,241,255,255,157,155,134,217,255,255,210,127,155,250,254,2
254,255,210,209,235,255,253,255,213,167,231,255,254,246,173,136,242,255,255,231,206,168,222,255,255,228,169,162,223,255,255,253,191,204,242,255,2
252,251,185,255,206,251,250,255,193,170,208,255,254,245,140,100,255,255,255,202,129,111,218,255,255,206,143,111,218,255,251,234,116,110,231,255,2
254,254,203,228,215,255,253,255,214,189,210,255,255,223,131,115,229,255,255,186,157,126,222,255,255,227,186,156,234,255,255,252,182,185,248,255,2
254,254,203,227,216,255,253,255,214,188,211,255,255,222,131,116,230,255,255,186,157,127,223,255,255,227,186,158,234,255,255,252,183,187,248,255,2
253,255,207,193,218,255,253,252,214,159,221,255,255,220,103,106,238,255,255,223,132,108,242,255,255,212,125,186,254,255,255,240,171,211,255,254,2
239,243,195,198,243,243,255,255,193,159,242,251,254,255,121,107,242,255,255,234,158,122,228,254,251,235,128,153,244,255,239,255,178,187,241,239,2
255,235,201,213,254,254,255,253,183,179,255,253,255,240,114,148,252,254,255,222,194,185,229,255,255,218,165,169,228,255,255,249,153,170,252,255,2
255,252,215,217,231,255,254,255,216,175,226,255,255,244,136,138,247,255,255,221,194,188,231,255,255,213,155,168,231,255,255,245,148,176,253,255,2
254,255,210,218,223,255,254,255,221,186,218,255,255,240,152,144,237,255,255,237,174,131,233,255,255,225,183,187,239,255,255,241,204,221,247,255,2
235,255,194,213,193,255,255,255,202,181,219,255,254,226,123,135,238,254,255,211,128,108,238,255,255,221,124,255,255,246,237,232,109,255,255,236,2
254,255,208,221,216,255,254,255,218,186,216,255,255,224,143,150,240,255,255,225,161,126,244,255,255,215,183,185,249,255,255,235,210,222,254,255,2
255,234,199,213,230,255,255,252,197,189,236,255,255,247,134,148,255,255,255,217,130,121,227,255,255,211,125,112,225,255,255,243,113,130,252,255,2
255,240,191,217,245,255,254,252,178,170,242,255,255,232,128,129,243,255,255,223,142,150,239,255,255,230,121,168,251,255,254,253,164,189,251,255,2
229,254,187,215,225,229,240,253,181,169,238,255,255,233,255,128,242,254,254,218,142,150,242,253,255,222,120,177,255,240,229,234,156,200,255,228,2
253,255,203,203,237,255,253,255,212,162,233,255,254,253,150,113,243,255,255,226,155,150,233,255,255,215,138,152,237,255,255,245,139,182,255,255,2
253,255,206,203,237,255,253,255,216,164,232,255,254,253,154,115,242,255,255,228,156,151,233,255,255,217,139,152,237,255,255,246,142,183,255,255,2
254,255,210,220,220,255,254,255,218,187,218,255,255,233,147,147,240,255,255,232,169,130,240,255,255,220,183,188,245,255,255,239,208,223,251,255,2
247,246,194,216,215,255,248,255,200,189,230,255,254,247,135,143,251,255,255,217,130,118,229,255,255,212,124,113,231,253,255,235,111,134,254,245,2
254,255,210,220,220,255,254,255,219,186,218,255,255,233,147,147,239,255,255,232,169,129,238,255,255,220,183,186,244,255,255,238,207,221,250,255,2
255,250,194,211,211,255,254,255,206,185,225,255,254,233,134,143,239,255,255,219,128,106,229,255,255,232,134,115,238,255,254,252,136,119,249,255,2
254,255,202,198,232,255,253,254,202,160,230,255,255,244,121,104,238,255,255,232,156,118,229,255,255,230,128,159,246,255,255,252,177,196,252,255,2
243,250,201,194,255,252,255,253,208,158,228,255,254,226,107,103,238,255,255,225,142,111,255,255,255,255,124,177,255,255,247,247,171,201,249,244,2
255,249,212,220,217,255,254,255,208,176,210,255,255,237,136,124,233,255,255,223,192,175,228,255,255,223,144,159,231,255,255,253,163,164,249,255,2
255,245,210,223,208,255,254,255,212,182,205,255,255,226,117,115,231,255,255,221,180,148,229,255,255,223,158,172,237,255,255,252,173,175,251,255,2
255,240,190,217,244,255,254,252,178,170,241,255,255,232,127,128,243,255,255,224,142,149,238,255,255,230,121,167,251,255,254,253,164,188,251,255,2
254,255,188,220,224,255,253,253,195,169,219,255,255,220,125,112,255,255,255,231,131,134,231,255,255,245,124,170,250,255,254,255,175,174,249,255,2
254,255,203,208,243,255,253,255,211,169,241,255,253,255,155,124,253,255,255,228,153,158,238,255,255,211,142,155,234,255,255,242,137,187,255,255,2
253,255,203,202,236,255,253,255,213,161,232,255,254,253,150,111,242,255,255,226,154,149,232,255,255,215,136,150,237,255,255,246,138,180,254,255,2
255,246,192,217,212,255,254,255,194,185,225,255,255,238,125,134,245,255,255,214,131,111,230,255,255,218,124,113,234,255,255,246,118,121,251,255,2
226,255,203,216,226,233,255,255,215,184,230,245,254,221,144,152,245,254,254,227,160,126,241,254,245,226,183,185,248,255,229,244,204,217,233,226,2
255,246,209,213,215,255,254,255,212,174,209,255,255,232,122,109,226,255,255,225,183,152,222,255,255,229,155,165,231,255,254,254,174,164,246,255,2
253,255,205,196,223,255,253,253,207,158,222,255,255,235,114,100,234,255,255,227,148,112,233,255,255,219,122,171,252,255,255,246,169,201,255,255,2
253,255,201,202,238,255,253,255,210,160,234,255,254,253,149,113,243,255,255,226,156,150,232,255,255,215,137,149,237,255,255,246,139,180,254,255,2
240,255,189,217,214,241,245,252,255,169,217,255,255,221,123,112,220,255,255,229,130,133,232,254,255,242,121,175,254,248,240,246,165,180,253,242,2
255,252,189,228,219,255,253,255,187,175,221,255,255,235,140,135,245,255,255,195,156,138,237,255,255,208,109,145,250,255,255,244,139,206,255,255,2
254,254,190,223,212,255,253,255,188,171,218,255,255,229,133,125,242,255,255,196,153,132,245,255,255,208,99,165,255,255,255,241,137,211,255,255,2
255,234,222,197,234,255,255,248,183,167,243,255,255,206,114,118,248,255,255,242,176,132,236,255,255,255,192,168,237,255,255,255,246,190,225,255,2
215,196,225,188,254,215,255,245,255,174,253,234,254,211,110,123,246,251,252,234,185,145,222,254,233,255,209,174,227,255,213,255,255,194,196,255,2
254,255,211,207,235,255,253,255,213,167,232,255,254,245,173,135,240,255,255,230,206,166,222,255,255,229,166,162,224,255,255,253,192,204,242,255,2
254,255,215,209,230,255,253,255,221,173,224,255,254,246,176,131,233,255,255,231,207,159,220,255,255,231,167,163,224,255,255,253,192,202,240,255,2
253,255,204,198,219,255,253,252,202,166,226,255,255,233,134,124,241,255,255,218,135,123,241,255,255,225,141,195,255,255,255,246,174,212,255,255,2
245,255,234,174,231,246,249,255,241,159,229,255,254,243,152,255,238,255,255,230,143,123,236,255,255,231,142,185,254,251,246,245,177,210,255,246,2
255,249,186,217,207,255,253,255,194,169,210,255,254,245,141,100,226,255,255,205,128,109,216,255,255,213,142,110,219,255,255,242,123,110,230,255,2
255,243,189,216,219,255,254,255,191,170,217,255,254,249,143,108,237,255,255,204,125,118,222,255,255,202,142,114,210,255,255,237,118,113,229,255,2
254,254,194,200,229,255,253,255,201,160,233,255,255,242,128,117,248,255,255,212,154,133,224,255,255,222,121,120,225,255,254,254,146,161,245,255,2
235,255,189,191,224,236,242,255,186,158,243,255,253,234,120,122,249,254,255,205,160,128,228,255,255,220,114,120,230,250,235,243,145,162,247,238,2
253,254,203,222,215,255,253,255,207,181,210,255,255,212,114,114,234,255,255,183,163,130,231,255,255,214,166,156,242,255,255,246,163,191,253,255,2
254,255,215,209,229,255,253,255,222,174,224,255,254,246,177,132,233,255,255,231,207,160,220,255,255,231,168,164,224,255,255,253,193,203,241,255,2
254,255,211,208,235,255,253,255,214,166,231,255,254,246,175,136,241,255,255,231,206,170,220,255,255,229,168,163,222,255,255,253,192,204,242,255,2
231,242,207,196,235,238,255,255,219,162,231,249,254,232,133,131,244,254,255,220,135,127,245,254,251,220,129,192,255,255,235,248,164,207,242,232,2
255,254,201,241,231,255,253,255,210,209,197,255,254,253,156,137,220,255,255,188,134,138,233,255,255,170,157,140,198,255,255,218,131,137,243,255,2
254,255,199,206,235,255,253,255,197,163,233,255,254,251,156,133,245,255,255,231,147,133,231,255,255,230,142,170,247,255,255,252,171,199,255,255,2
255,251,190,228,219,255,253,255,187,177,222,255,255,237,142,134,244,255,255,198,157,138,236,255,255,214,112,145,249,255,255,248,143,204,255,255,2
229,230,191,227,230,235,255,255,186,180,232,247,255,237,142,144,255,253,255,196,155,142,236,254,250,255,113,143,251,255,231,250,138,198,241,229,2
255,212,220,189,254,254,255,235,168,162,255,255,255,229,118,125,246,255,255,242,207,186,206,255,255,252,195,180,215,255,254,255,243,183,223,255,2
255,218,229,190,246,255,255,239,182,169,248,255,255,207,110,120,247,255,255,233,193,146,228,255,255,251,197,171,230,255,255,255,242,189,225,255,2
253,254,204,201,224,255,253,255,212,161,224,255,255,242,131,121,246,255,255,209,152,136,232,255,255,214,116,125,234,255,255,251,139,174,250,255,2
219,230,255,197,243,223,255,255,192,159,245,239,253,243,127,117,255,252,255,217,255,132,216,254,241,237,120,114,217,255,216,255,255,146,220,219,2
255,227,197,203,227,255,254,252,187,173,228,255,254,249,142,109,239,255,255,204,122,110,219,255,255,210,149,113,209,255,255,244,134,106,221,255,2
255,245,187,215,211,255,254,255,191,170,214,255,254,247,142,101,230,255,255,204,126,110,217,255,255,210,144,110,214,255,255,242,123,108,227,255,2
